1 131072 1113.62
1 262144 1796.81
1 393216 2333.98
1 524288 2806.86
1 655360 3207.24
1 786432 3539.72
1 917504 3830.79
1 1048576 4097.5
1 1179648 4346.58
1 1310720 4589.77
1 1441792 4807.18
1 1572864 5011.07
1 1703936 5217.42
1 1835008 5412.91
1 1966080 5607.3
1 2097152 5787.07
1 2228224 5979.26
1 2359296 6163.42
1 2490368 6342.25
1 2621440 6508.2
1 2752512 6679.64
1 2883584 6850.42
1 3014656 7012.88
1 3145728 7178.62
1 3276800 7355.57
1 3407872 7529.8
1 3538944 7692.27
1 3670016 7848.55
1 3801088 8006.63
1 3932160 8157.94
1 4063232 8309.23
1 4194304 8454.99
1 4325376 8600.81
1 4456448 8741.83
1 4587520 8876.81
1 4718592 9025.64
1 4849664 9169.28
1 4980736 9305.92
1 5111808 9437.86
1 5242880 9576.26
1 5373952 9713.69
1 5505024 9847.43
1 5636096 9984.43
1 5767168 10122.4
1 5898240 10258.8
1 6029312 10389
1 6160384 10536.5
1 6291456 10677.2
1 6422528 10810.3
1 6553600 10947.5
1 6684672 11070.8
1 6815744 11189.4
1 6946816 11308.3
1 7077888 11428.9
1 7208960 11556
1 7340032 11668.9
1 7471104 11789
1 7602176 11906.1
1 7733248 12019.4
1 7864320 12136.7
1 7995392 12251.5
1 8126464 12369.7
1 8257536 12485.4
1 8388608 12600.2
1 8519680 12713.9
1 8650752 12830.4
1 8781824 12944
1 8912896 13053.8
1 9043968 13173.3
1 9175040 13291.3
1 9306112 13412.6
1 9437184 13521.4
1 9568256 13628.6
1 9699328 13739.8
1 9830400 13846.7
1 9961472 13957.2
1 10092544 14065.5
1 10223616 14174.5
1 10354688 14277.2
1 10485760 14380.2
1 10616832 14485
1 10747904 14590.3
1 10878976 14701.4
1 11010048 14800.7
1 11141120 14904.5
1 11272192 15009.4
1 11403264 15113.6
1 11534336 15210.9
1 11665408 15314.8
1 11796480 15415.6
1 11927552 15510.2
1 12058624 15624.6
1 12189696 15735.2
1 12320768 15833.8
1 12451840 15934.6
1 12582912 16039.7
1 12713984 16139.9
1 12845056 16235.3
1 12976128 16335.8
1 13107200 16430.8
1 13238272 16530.8
1 13369344 16628.2
1 13500416 16725.7
1 13631488 16813.4
1 13762560 16904.3
1 13893632 17006.5
1 14024704 17101.2
1 14155776 17195.2
1 14286848 17289.7
1 14417920 17384.3
1 14548992 17477.6
1 14680064 17567.8
1 14811136 17664.6
1 14942208 17760.6
1 15073280 17872.7
1 15204352 17971
1 15335424 18059.8
1 15466496 18149.9
1 15597568 18241.3
1 15728640 18331.7
1 15859712 18420.3
1 15990784 18507.9
1 16121856 18596.2
1 16252928 18685.4
1 16384000 18772.3
1 16515072 18858.6
1 16646144 18948.6
1 16777216 19039.6
1 16908288 19124
1 17039360 19212.6
1 17170432 19300.2
1 17301504 19392.8
1 17432576 19477.3
1 17563648 19565.7
1 17694720 19654.8
1 17825792 19741.1
1 17956864 19837.8
1 18087936 19938.3
1 18219008 20027.5
1 18350080 20110
1 18481152 20194.6
1 18612224 20282.8
1 18743296 20360.3
1 18874368 20441
1 19005440 20523.6
1 19136512 20605
1 19267584 20689.8
1 19398656 20771.9
1 19529728 20853.6
1 19660800 20935.2
1 19791872 21020.5
1 19922944 21107.7
1 20054016 21193.8
1 20185088 21273.5
1 20316160 21355.6
1 20447232 21439.6
1 20578304 21516.3
1 20709376 21594.3
1 20840448 21675.5
1 20971520 21783.1
1 21102592 21872.2
1 21233664 21957.2
1 21364736 22037.6
1 21495808 22118.1
1 21626880 22201.5
1 21757952 22276.8
1 21889024 22353.8
1 22020096 22434.4
1 22151168 22519.7
1 22282240 22599.1
1 22413312 22676.8
1 22544384 22756.2
1 22675456 22835.7
1 22806528 22912.1
1 22937600 22987.7
1 23068672 23069.4
1 23199744 23147.8
1 23330816 23229.6
1 23461888 23310
1 23592960 23393.8
1 23724032 23475.9
1 23855104 23577.1
1 23986176 23660.6
1 24117248 23739.4
1 24248320 23819.5
1 24379392 23892.6
1 24510464 23969.8
1 24641536 24043
1 24772608 24116.8
1 24903680 24190.3
1 25034752 24266.8
1 25165824 24341
1 25296896 24416.4
1 25427968 24491.5
1 25559040 24565.4
1 25690112 24640.2
1 25821184 24714.9
1 25952256 24796.8
1 26083328 24871
1 26214400 24946.2
1 26345472 25023.2
1 26476544 25093.3
1 26607616 25168.9
1 26738688 25250.8
1 26869760 25345.6
1 27000832 25419.9
1 27131904 25499
1 27262976 25573.3
1 27394048 25648.6
1 27525120 25722.5
1 27656192 25792.7
1 27787264 25860.5
1 27918336 25934.6
1 28049408 26013.2
1 28180480 26087.8
1 28311552 26162.5
1 28442624 26236.7
1 28573696 26312.7
1 28704768 26383.9
1 28835840 26452.5
1 28966912 26527.6
1 29097984 26600.5
1 29229056 26674
1 29360128 26745.9
2 29491200 26799.1
2 29622272 26844.9
2 29753344 26913.9
2 29884416 26962.7
2 30015488 27008.7
2 30146560 27052.1
2 30277632 27096
2 30408704 27140
2 30539776 27184.6
2 30670848 27230.4
2 30801920 27271.2
2 30932992 27318.6
2 31064064 27371.1
2 31195136 27422.8
2 31326208 27473.2
2 31457280 27520
2 31588352 27567.2
2 31719424 27616.1
2 31850496 27665.1
2 31981568 27714.2
2 32112640 27761.1
2 32243712 27803.5
2 32374784 27857.9
2 32505856 27902.7
2 32636928 27956.6
2 32768000 28021.7
2 32899072 28067.7
2 33030144 28115.4
2 33161216 28158.5
2 33292288 28203.9
2 33423360 28250.2
2 33554432 28292.4
2 33685504 28333.8
2 33816576 28373.6
2 33947648 28415.5
2 34078720 28460.3
2 34209792 28499.2
2 34340864 28546.3
2 34471936 28591.5
2 34603008 28636.6
2 34734080 28678.9
2 34865152 28719.2
2 34996224 28756.4
2 35127296 28797.2
2 35258368 28833.2
2 35389440 28875.2
2 35520512 28920.6
2 35651584 28985.3
2 35782656 29037.6
2 35913728 29080.3
2 36044800 29122.2
2 36175872 29164.6
2 36306944 29206.7
2 36438016 29252.1
2 36569088 29292.9
2 36700160 29334.8
2 36831232 29373
2 36962304 29414.8
2 37093376 29453.8
2 37224448 29497.3
2 37355520 29536.8
2 37486592 29577.8
2 37617664 29620.9
2 37748736 29661.7
2 37879808 29701.1
2 38010880 29743.5
2 38141952 29783.3
2 38273024 29824.4
2 38404096 29865.3
2 38535168 29915.6
2 38666240 29970.2
2 38797312 30015.7
2 38928384 30060.2
2 39059456 30103.9
2 39190528 30146.5
2 39321600 30190.7
2 39452672 30231.3
2 39583744 30274.8
2 39714816 30316.1
2 39845888 30356.9
2 39976960 30396.6
2 40108032 30436.9
2 40239104 30474.2
2 40370176 30514.1
2 40501248 30556.4
2 40632320 30600.6
2 40763392 30645.5
2 40894464 30686
2 41025536 30727.2
2 41156608 30765.4
2 41287680 30806.6
2 41418752 30848.3
2 41549824 30906.2
2 41680896 30955.7
2 41811968 31004.4
2 41943040 31046.1
2 42074112 31087.6
2 42205184 31124.5
2 42336256 31160.8
2 42467328 31200.3
2 42598400 31236.8
2 42729472 31276.7
2 42860544 31317.7
2 42991616 31357.9
2 43122688 31404.2
2 43253760 31449.1
2 43384832 31495.3
2 43515904 31543.4
2 43646976 31589.6
2 43778048 31633
2 43909120 31679.1
2 44040192 31726
2 44171264 31774.8
2 44302336 31824.5
2 44433408 31879.4
2 44564480 31940.2
2 44695552 31989.8
2 44826624 32040.8
2 44957696 32086.4
2 45088768 32129.9
2 45219840 32175
2 45350912 32218.9
2 45481984 32257
2 45613056 32296.4
2 45744128 32335
2 45875200 32373.4
2 46006272 32412.3
2 46137344 32453.6
2 46268416 32496.6
2 46399488 32536.7
2 46530560 32578.4
2 46661632 32620.4
2 46792704 32659.4
2 46923776 32696
2 47054848 32733.6
2 47185920 32772.8
2 47316992 32817.6
2 47448064 32874.4
2 47579136 32917.2
2 47710208 32960.4
2 47841280 33001.7
2 47972352 33043.3
2 48103424 33079.9
2 48234496 33116.4
2 48365568 33156.8
2 48496640 33194.9
2 48627712 33234.7
2 48758784 33276.2
2 48889856 33313.1
2 49020928 33348.4
2 49152000 33389.3
2 49283072 33432.2
2 49414144 33469.7
2 49545216 33509.1
2 49676288 33547.1
2 49807360 33590.6
2 49938432 33633.9
2 50069504 33674.7
2 50200576 33716
2 50331648 33773.1
2 50462720 33816.2
2 50593792 33857.5
2 50724864 33896.7
2 50855936 33936
2 50987008 33975.9
2 51118080 34016
2 51249152 34055.7
2 51380224 34093.9
2 51511296 34132.6
2 51642368 34172.9
2 51773440 34212.9
2 51904512 34253.8
2 52035584 34292.4
2 52166656 34330.5
2 52297728 34367.2
2 52428800 34404.2
2 52559872 34441.5
2 52690944 34482.3
2 52822016 34522.9
2 52953088 34560.4
2 53084160 34600.8
2 53215232 34656.2
2 53346304 34703.2
2 53477376 34743.1
2 53608448 34784.4
2 53739520 34822.7
2 53870592 34862.6
2 54001664 34900.7
2 54132736 34937.3
2 54263808 34975.4
2 54394880 35015.1
2 54525952 35053.4
2 54657024 35093.5
2 54788096 35129.6
2 54919168 35167.3
2 55050240 35204.6
2 55181312 35239
2 55312384 35280.6
2 55443456 35313.3
2 55574528 35349.2
2 55705600 35387.9
2 55836672 35426.6
2 55967744 35464.4
2 56098816 35510.3
2 56229888 35561.5
2 56360960 35600.6
2 56492032 35639
2 56623104 35675.5
2 56754176 35714.7
2 56885248 35755.1
2 57016320 35791.2
2 57147392 35827
2 57278464 35861.6
2 57409536 35898.2
2 57540608 35940.3
2 57671680 35983
2 57802752 36022.2
2 57933824 36065.8
2 58064896 36105
2 58195968 36145.7
2 58327040 36186.1
2 58458112 36227.1
2 58589184 36267.6
2 58720256 36305.4
3 58851328 36338.1
3 58982400 36367.7
3 59113472 36414.6
3 59244544 36449.7
3 59375616 36475.9
3 59506688 36506.8
3 59637760 36532.6
3 59768832 36561.6
3 59899904 36588
3 60030976 36614.4
3 60162048 36639.4
3 60293120 36666.2
3 60424192 36693.6
3 60555264 36719.8
3 60686336 36747.9
3 60817408 36773.9
3 60948480 36800.2
3 61079552 36827.4
3 61210624 36853.1
3 61341696 36881.1
3 61472768 36903.9
3 61603840 36929.9
3 61734912 36956.1
3 61865984 36983.5
3 61997056 37025.3
3 62128128 37059.8
3 62259200 37088.7
3 62390272 37115.3
3 62521344 37145.1
3 62652416 37173.3
3 62783488 37202.5
3 62914560 37231.5
3 63045632 37259.5
3 63176704 37289.5
3 63307776 37321.5
3 63438848 37348.1
3 63569920 37372.1
3 63700992 37400.2
3 63832064 37423.3
3 63963136 37449.6
3 64094208 37477.5
3 64225280 37504.3
3 64356352 37529.5
3 64487424 37555.6
3 64618496 37580.7
3 64749568 37609.2
3 64880640 37638.5
3 65011712 37683.1
3 65142784 37712.9
3 65273856 37740.6
3 65404928 37769.2
3 65536000 37797.5
3 65667072 37824.7
3 65798144 37855.2
3 65929216 37882.9
3 66060288 37906.2
3 66191360 37933
3 66322432 37962.4
3 66453504 37986.7
3 66584576 38015.9
3 66715648 38045.1
3 66846720 38072.5
3 66977792 38098.3
3 67108864 38125.7
3 67239936 38150.2
3 67371008 38179.8
3 67502080 38205.6
3 67633152 38233.1
3 67764224 38259.6
3 67895296 38298.4
3 68026368 38331
3 68157440 38355.7
3 68288512 38381.9
3 68419584 38405.3
3 68550656 38431.5
3 68681728 38458.3
3 68812800 38485.6
3 68943872 38512.2
3 69074944 38536.3
3 69206016 38562.7
3 69337088 38591.1
3 69468160 38614.4
3 69599232 38643.6
3 69730304 38673.7
3 69861376 38698.8
3 69992448 38726.3
3 70123520 38755.9
3 70254592 38780.1
3 70385664 38806.1
3 70516736 38830.2
3 70647808 38857.7
3 70778880 38888.2
3 70909952 38928.8
3 71041024 38959.2
3 71172096 38987
3 71303168 39015.3
3 71434240 39040.2
3 71565312 39065
3 71696384 39093.3
3 71827456 39120.1
3 71958528 39146.6
3 72089600 39173.4
3 72220672 39198
3 72351744 39225.6
3 72482816 39251.3
3 72613888 39275.8
3 72744960 39303.6
3 72876032 39329.9
3 73007104 39358.9
3 73138176 39383.2
3 73269248 39408
3 73400320 39436.1
3 73531392 39462.5
3 73662464 39489.9
3 73793536 39532.3
3 73924608 39569.9
3 74055680 39599.9
3 74186752 39624.6
3 74317824 39651
3 74448896 39677.3
3 74579968 39702.2
3 74711040 39727.1
3 74842112 39750
3 74973184 39776.9
3 75104256 39806
3 75235328 39833.3
3 75366400 39860.2
3 75497472 39884.7
3 75628544 39912.1
3 75759616 39941.1
3 75890688 39969
3 76021760 39997.3
3 76152832 40023.1
3 76283904 40048.6
3 76414976 40073.8
3 76546048 40099.4
3 76677120 40130.2
3 76808192 40170.4
3 76939264 40199
3 77070336 40228.7
3 77201408 40257
3 77332480 40282.9
3 77463552 40305.9
3 77594624 40328.6
3 77725696 40353.7
3 77856768 40380.3
3 77987840 40404.9
3 78118912 40433.2
3 78249984 40459.8
3 78381056 40486.5
3 78512128 40509.5
3 78643200 40538.4
3 78774272 40563.8
3 78905344 40589.3
3 79036416 40612.6
3 79167488 40639
3 79298560 40665.1
3 79429632 40688.9
3 79560704 40713.8
3 79691776 40756
3 79822848 40787.3
3 79953920 40815.9
3 80084992 40842.4
3 80216064 40869.4
3 80347136 40898.9
3 80478208 40927.1
3 80609280 40955.9
3 80740352 40981
3 80871424 41007.2
3 81002496 41033.4
3 81133568 41060.2
3 81264640 41088.7
3 81395712 41114.8
3 81526784 41140
3 81657856 41168.1
3 81788928 41194.9
3 81920000 41222.6
3 82051072 41246.2
3 82182144 41273.2
3 82313216 41296.4
3 82444288 41321.6
3 82575360 41354
3 82706432 41392.9
3 82837504 41419.9
3 82968576 41445.8
3 83099648 41469.5
3 83230720 41494.4
3 83361792 41517.6
3 83492864 41542.5
3 83623936 41566.9
3 83755008 41591.9
3 83886080 41618.7
3 84017152 41646.2
3 84148224 41672.9
3 84279296 41700.7
3 84410368 41727.4
3 84541440 41754.5
3 84672512 41783
3 84803584 41809.8
3 84934656 41833
3 85065728 41860.3
3 85196800 41886
3 85327872 41912.3
3 85458944 41941.6
3 85590016 41981
3 85721088 42014.2
3 85852160 42041.7
3 85983232 42068.2
3 86114304 42095
3 86245376 42118.5
3 86376448 42139.2
3 86507520 42162.8
3 86638592 42189.3
3 86769664 42216.3
3 86900736 42241.5
3 87031808 42267.1
3 87162880 42293.6
3 87293952 42323
3 87425024 42350.7
3 87556096 42376.3
3 87687168 42404.6
3 87818240 42430.3
3 87949312 42457.6
3 88080384 42490.5
3 88211456 42519
2 88342528 44450
2 88473600 44494.4
2 88604672 44543.2
2 88735744 44579
2 88866816 44617.7
2 88997888 44650.9
2 89128960 44683.8
2 89260032 44717.5
2 89391104 44749.5
2 89522176 44783.8
2 89653248 44816.6
2 89784320 44853.1
2 89915392 44885.2
2 90046464 44917.7
2 90177536 44949.8
2 90308608 44984.7
2 90439680 45018
2 90570752 45052.3
2 90701824 45086
2 90832896 45121.4
2 90963968 45152.2
2 91095040 45181
2 91226112 45215.3
2 91357184 45247.6
2 91488256 45296.6
2 91619328 45337.3
2 91750400 45369.3
2 91881472 45401.6
2 92012544 45433.6
2 92143616 45463.6
2 92274688 45496.7
2 92405760 45526.7
2 92536832 45556.8
2 92667904 45584.5
2 92798976 45617.4
2 92930048 45650.2
2 93061120 45678.6
2 93192192 45709.5
2 93323264 45744.6
2 93454336 45778.7
2 93585408 45809.8
2 93716480 45842.8
2 93847552 45876.7
2 93978624 45907.1
2 94109696 45939.8
2 94240768 45970.2
2 94371840 46005.4
2 94502912 46053.4
2 94633984 46090.5
2 94765056 46123.9
2 94896128 46159.2
2 95027200 46190.4
2 95158272 46223
2 95289344 46252.6
2 95420416 46285.2
2 95551488 46314.7
2 95682560 46345.2
2 95813632 46378.6
2 95944704 46410.7
2 96075776 46445.2
2 96206848 46475.8
2 96337920 46505.9
2 96468992 46534.4
2 96600064 46566.9
2 96731136 46599.1
2 96862208 46628.6
2 96993280 46658.1
2 97124352 46687.6
2 97255424 46723.4
2 97386496 46759.8
2 97517568 46805.3
2 97648640 46839.3
2 97779712 46871.6
2 97910784 46901.7
2 98041856 46933.9
2 98172928 46966.3
2 98304000 46996.9
2 98435072 47027.3
2 98566144 47058.4
2 98697216 47085.5
2 98828288 47116.8
2 98959360 47149.5
2 99090432 47183.4
2 99221504 47216.7
2 99352576 47251.5
2 99483648 47283.6
2 99614720 47316.7
2 99745792 47346.5
2 99876864 47379.3
2 100007936 47411.2
2 100139008 47440.9
2 100270080 47475.7
2 100401152 47520.3
2 100532224 47554.4
2 100663296 47586.7
2 100794368 47621.3
2 100925440 47653.2
2 101056512 47682.7
2 101187584 47710.4
2 101318656 47743.6
2 101449728 47775.7
2 101580800 47807.5
2 101711872 47839.3
2 101842944 47869.8
2 101974016 47899.3
2 102105088 47933
2 102236160 47967.1
2 102367232 48000.4
2 102498304 48031.4
2 102629376 48066.7
2 102760448 48100.9
2 102891520 48133.7
2 103022592 48167.7
2 103153664 48200.7
2 103284736 48240.5
2 103415808 48287.3
2 103546880 48322.9
2 103677952 48354.3
2 103809024 48385.6
2 103940096 48419.5
2 104071168 48451
2 104202240 48483.7
2 104333312 48514.5
2 104464384 48543.9
2 104595456 48577.6
2 104726528 48608.4
2 104857600 48640.9
2 104988672 48674.2
2 105119744 48705.1
2 105250816 48741.5
2 105381888 48772.9
2 105512960 48804.5
2 105644032 48835.8
2 105775104 48864.8
2 105906176 48898.3
2 106037248 48928.4
2 106168320 48958.5
2 106299392 49005
2 106430464 49043.5
2 106561536 49073.6
2 106692608 49107.1
2 106823680 49138.5
2 106954752 49170.8
2 107085824 49201.4
2 107216896 49232.7
2 107347968 49261.4
2 107479040 49291.8
2 107610112 49321.4
2 107741184 49350.9
2 107872256 49381.5
2 108003328 49410.5
2 108134400 49443.1
2 108265472 49475.9
2 108396544 49507.9
2 108527616 49537.3
2 108658688 49567
2 108789760 49599.7
2 108920832 49630.4
2 109051904 49661.3
2 109182976 49701.9
2 109314048 49745.7
2 109445120 49775.9
2 109576192 49809.6
2 109707264 49842
2 109838336 49873.2
2 109969408 49903.8
2 110100480 49934
2 110231552 49961.8
2 110362624 49991.8
2 110493696 50022.6
2 110624768 50057.4
2 110755840 50088.7
2 110886912 50120.3
2 111017984 50149.7
2 111149056 50180
2 111280128 50212.4
2 111411200 50243.7
2 111542272 50273.6
2 111673344 50304.7
2 111804416 50332.2
2 111935488 50362.9
2 112066560 50396.7
2 112197632 50443.2
2 112328704 50477.8
2 112459776 50510.4
2 112590848 50541.5
2 112721920 50572.1
2 112852992 50599.2
2 112984064 50628.6
2 113115136 50660.4
2 113246208 50687.3
2 113377280 50719.5
2 113508352 50751.4
2 113639424 50784.4
2 113770496 50815.2
2 113901568 50848.3
2 114032640 50880.6
2 114163712 50912.7
2 114294784 50942.3
2 114425856 50971.8
2 114556928 51004.6
2 114688000 51044.2
2 114819072 51079.7
2 114950144 51111.7
2 115081216 51154.7
2 115212288 51193.4
2 115343360 51222.3
2 115474432 51249.2
2 115605504 51279.8
2 115736576 51312.3
2 115867648 51339.2
2 115998720 51368.5
2 116129792 51397.3
2 116260864 51426.2
2 116391936 51456.3
2 116523008 51488.2
2 116654080 51517.5
2 116785152 51551.9
2 116916224 51584.1
2 117047296 51615.2
2 117178368 51647.2
2 117309440 51681.2
2 117440512 51711
2 117571584 51743.4
1 117702656 64402.7
1 117833728 64445.9
1 117964800 64487.8
1 118095872 64550.2
1 118226944 64600.3
1 118358016 64644.3
1 118489088 64688
1 118620160 64729.9
1 118751232 64771.4
1 118882304 64814.6
1 119013376 64854.7
1 119144448 64897
1 119275520 64939.4
1 119406592 64983.9
1 119537664 65028.7
1 119668736 65072.5
1 119799808 65120.2
1 119930880 65163.2
1 120061952 65208.5
1 120193024 65254.6
1 120324096 65296.5
1 120455168 65339.7
1 120586240 65385.3
1 120717312 65432.7
1 120848384 65476.5
1 120979456 65535.6
1 121110528 65594.9
1 121241600 65639.3
1 121372672 65682.2
1 121503744 65728.7
1 121634816 65770.3
1 121765888 65812
1 121896960 65852.5
1 122028032 65898.7
1 122159104 65940.7
1 122290176 65983.2
1 122421248 66029.1
1 122552320 66068.5
1 122683392 66114.3
1 122814464 66159.2
1 122945536 66202.9
1 123076608 66252.5
1 123207680 66300.5
1 123338752 66343.4
1 123469824 66388.4
1 123600896 66430.3
1 123731968 66471.9
1 123863040 66523.9
1 123994112 66587.7
1 124125184 66631.6
1 124256256 66677.9
1 124387328 66722.3
1 124518400 66768.7
1 124649472 66813.1
1 124780544 66856.3
1 124911616 66899.7
1 125042688 66945
1 125173760 66987.9
1 125304832 67031.9
1 125435904 67077.6
1 125566976 67121.6
1 125698048 67167.2
1 125829120 67212.4
1 125960192 67260.7
1 126091264 67304.8
1 126222336 67348.6
1 126353408 67391.6
1 126484480 67435.1
1 126615552 67477.9
1 126746624 67527.6
1 126877696 67589.7
1 127008768 67636.1
1 127139840 67679
1 127270912 67724.5
1 127401984 67769.5
1 127533056 67813.5
1 127664128 67856.4
1 127795200 67897.3
1 127926272 67941.7
1 128057344 67982.9
1 128188416 68024.6
1 128319488 68068.9
1 128450560 68113.3
1 128581632 68157
1 128712704 68201
1 128843776 68245.1
1 128974848 68292
1 129105920 68334.8
1 129236992 68379.4
1 129368064 68423.3
1 129499136 68469.2
1 129630208 68513.3
1 129761280 68577.8
1 129892352 68632.8
1 130023424 68679.8
1 130154496 68722.8
1 130285568 68764.1
1 130416640 68807.9
1 130547712 68850.8
1 130678784 68891.8
1 130809856 68935
1 130940928 68976.3
1 131072000 69020.1
1 131203072 69063.9
1 131334144 69103.1
1 131465216 69145.2
1 131596288 69189.1
1 131727360 69230.2
1 131858432 69272.8
1 131989504 69315.4
1 132120576 69360.7
1 132251648 69405.5
1 132382720 69447.2
1 132513792 69488.3
1 132644864 69541.6
1 132775936 69598.8
1 132907008 69644.2
1 133038080 69688
1 133169152 69732
1 133300224 69775.2
1 133431296 69819.7
1 133562368 69859.8
1 133693440 69903.2
1 133824512 69942.1
1 133955584 69981.6
1 134086656 70026.1
1 134217728 70070
1 134348800 70111.3
1 134479872 70153.4
1 134610944 70195.4
1 134742016 70236.6
1 134873088 70278.6
1 135004160 70321.9
1 135135232 70362.9
1 135266304 70403.3
1 135397376 70448.8
1 135528448 70497.5
1 135659520 70562.9
1 135790592 70612.7
1 135921664 70656.8
1 136052736 70702.5
1 136183808 70740.4
1 136314880 70784.7
1 136445952 70826.4
1 136577024 70868.5
1 136708096 70908.3
1 136839168 70953.9
1 136970240 70999.3
1 137101312 71042.3
1 137232384 71087.5
1 137363456 71128.5
1 137494528 71173.5
1 137625600 71214.1
1 137756672 71259.8
1 137887744 71300.7
1 138018816 71344.7
1 138149888 71385.5
1 138280960 71422.6
1 138412032 71464
1 138543104 71526.8
1 138674176 71575.3
1 138805248 71621.7
1 138936320 71664.2
1 139067392 71702.7
1 139198464 71744.8
1 139329536 71782.9
1 139460608 71823
1 139591680 71863.7
1 139722752 71907
1 139853824 71945.3
1 139984896 71988.1
1 140115968 72030.9
1 140247040 72074
1 140378112 72115.3
1 140509184 72156.4
1 140640256 72205.2
1 140771328 72247.6
1 140902400 72291.6
1 141033472 72333.4
1 141164544 72377.3
1 141295616 72421.5
1 141426688 72484.3
1 141557760 72540.6
1 141688832 72583.7
1 141819904 72625.3
1 141950976 72668.3
1 142082048 72711.3
1 142213120 72754.9
1 142344192 72795.1
1 142475264 72831.7
1 142606336 72873
1 142737408 72914.9
1 142868480 72956.6
1 142999552 72998.8
1 143130624 73040.4
1 143261696 73083.8
1 143392768 73126.7
1 143523840 73169.5
1 143654912 73210.3
1 143785984 73252.1
1 143917056 73295.4
1 144048128 73336.6
1 144179200 73380
1 144310272 73433.9
1 144441344 73489.2
1 144572416 73534.7
1 144703488 73573.9
1 144834560 73612.7
1 144965632 73655.5
1 145096704 73696.9
1 145227776 73737.1
1 145358848 73777.4
1 145489920 73817.7
1 145620992 73863.1
1 145752064 73907
1 145883136 73949.4
1 146014208 73989.2
1 146145280 74024.7
1 146276352 74065.3
1 146407424 74107.7
1 146538496 74153
1 146669568 74194.8
1 146800640 74237.2
1 146931712 74280.8
1 147062784 74319.3
1 147193856 74369.9
1 147324928 74432.5
1 147456000 74480.2
1 147587072 74524.9
1 147718144 74566.3
1 147849216 74607.4
1 147980288 74649.7
1 148111360 74689.3
1 148242432 74729.8
1 148373504 74770.1
1 148504576 74807.9
1 148635648 74851.3
1 148766720 74892.9
1 148897792 74933
1 149028864 74974.4
1 149159936 75014.4
1 149291008 75053.9
1 149422080 75094.6
1 149553152 75134.2
1 149684224 75173.7
1 149815296 75214.3
1 149946368 75256.4
1 150077440 75298.7
1 150208512 75357.8
1 150339584 75407.4
1 150470656 75450.2
1 150601728 75494.1
1 150732800 75535
1 150863872 75579.9
1 150994944 75620.4
1 151126016 75659.3
1 151257088 75697.9
1 151388160 75737.7
1 151519232 75777.5
1 151650304 75820.6
1 151781376 75859.6
1 151912448 75901.8
1 152043520 75940.5
1 152174592 75982.8
1 152305664 76023.8
1 152436736 76065.2
1 152567808 76105.5
1 152698880 76146.7
1 152829952 76187.1
1 152961024 76228
1 153092096 76269.2
1 153223168 76331.7
1 153354240 76378.3
1 153485312 76421.2
1 153616384 76464.9
1 153747456 76504.5
1 153878528 76544
1 154009600 76585.4
1 154140672 76623.5
1 154271744 76664.4
1 154402816 76703.6
1 154533888 76743
1 154664960 76783.9
1 154796032 76825.3
1 154927104 76865
1 155058176 76903.6
1 155189248 76941.7
1 155320320 76983
1 155451392 77023.5
1 155582464 77061.9
1 155713536 77102.6
1 155844608 77142.5
1 155975680 77184.3
1 156106752 77240.7
1 156237824 77293
1 156368896 77336.6
1 156499968 77375.5
1 156631040 77415.9
1 156762112 77454.5
1 156893184 77493
1 157024256 77533.9
1 157155328 77574.2
1 157286400 77615.8
1 157417472 77657.4
1 157548544 77698.8
1 157679616 77738.5
1 157810688 77779.2
1 157941760 77820.4
1 158072832 77861
1 158203904 77906.8
1 158334976 77949.1
1 158466048 77987.6
1 158597120 78026.5
1 158728192 78066
1 158859264 78103.4
1 158990336 78151.4
1 159121408 78211
1 159252480 78254.3
1 159383552 78300.4
1 159514624 78340.8
1 159645696 78383.5
1 159776768 78422.6
1 159907840 78461.5
1 160038912 78500.1
1 160169984 78537.3
1 160301056 78576.6
1 160432128 78615.3
1 160563200 78655.1
1 160694272 78695.8
1 160825344 78737.8
1 160956416 78778.8
1 161087488 78824.4
1 161218560 78867.9
1 161349632 78903.6
1 161480704 78945.9
1 161611776 78985.5
1 161742848 79025.3
1 161873920 79065.2
1 162004992 79123
1 162136064 79170.9
1 162267136 79214.1
1 162398208 79258.7
1 162529280 79300.4
1 162660352 79342.4
1 162791424 79377.4
1 162922496 79415
1 163053568 79451
1 163184640 79488
1 163315712 79527.7
1 163446784 79568.4
1 163577856 79604.5
1 163708928 79648.1
1 163840000 79690.8
1 163971072 79732.3
1 164102144 79776.3
1 164233216 79815.8
1 164364288 79853.3
1 164495360 79896.6
1 164626432 79936.9
1 164757504 79975
1 164888576 80020.7
1 165019648 80084.7
1 165150720 80131.1
1 165281792 80173
1 165412864 80212.8
1 165543936 80250.5
1 165675008 80292.3
1 165806080 80330.1
1 165937152 80370.9
1 166068224 80406.7
1 166199296 80443.3
1 166330368 80480.5
1 166461440 80518.2
1 166592512 80557.1
1 166723584 80600.3
1 166854656 80637.6
1 166985728 80679.9
1 167116800 80718.9
1 167247872 80757.6
1 167378944 80795.8
1 167510016 80837.9
1 167641088 80881.3
1 167772160 80923.2
1 167903232 80982.5
1 168034304 81034.1
1 168165376 81075.7
1 168296448 81116.1
1 168427520 81155.7
1 168558592 81194.4
1 168689664 81234.4
1 168820736 81275.8
1 168951808 81313.1
1 169082880 81350.3
1 169213952 81388.3
1 169345024 81427.3
1 169476096 81464.1
1 169607168 81500.6
1 169738240 81539
1 169869312 81578.1
1 170000384 81618.9
1 170131456 81659.6
1 170262528 81694.6
1 170393600 81734.8
1 170524672 81773.3
1 170655744 81812.5
1 170786816 81856.3
1 170917888 81917.9
1 171048960 81963.6
1 171180032 82008.2
1 171311104 82049.3
1 171442176 82086.2
1 171573248 82124.9
1 171704320 82163.2
1 171835392 82201.9
1 171966464 82242.1
1 172097536 82282.1
1 172228608 82320.3
1 172359680 82361.2
1 172490752 82398.7
1 172621824 82441.5
1 172752896 82484.3
1 172883968 82524.3
1 173015040 82563.5
1 173146112 82601.9
1 173277184 82640.2
1 173408256 82680
1 173539328 82722.1
1 173670400 82762.6
1 173801472 82824.4
1 173932544 82869.3
1 174063616 82911.7
1 174194688 82958.4
1 174325760 83000.9
1 174456832 83041.9
1 174587904 83081.4
1 174718976 83121.9
1 174850048 83163.5
1 174981120 83207.1
1 175112192 83247.6
1 175243264 83290.9
1 175374336 83330.1
1 175505408 83372.5
1 175636480 83415.8
1 175767552 83462.1
1 175898624 83510.6
1 176029696 83553.3
1 176160768 83590.9
1 176291840 83631.8
1 176422912 83677.3

1113.62
1796.81
2333.98
2806.86
3207.24
3539.72
3830.79
4097.5
4346.58
4589.77
4807.18
5011.07
5217.42
5412.91
5607.3
5787.07
5979.26
6163.42
6342.25
6508.2
6679.64
6850.42
7012.88
7178.62
7355.57
7529.8
7692.27
7848.55
8006.63
8157.94
8309.23
8454.99
8600.81
8741.83
8876.81
9025.64
9169.28
9305.92
9437.86
9576.26
9713.69
9847.43
9984.43
10122.4
10258.8
10389
10536.5
10677.2
10810.3
10947.5
11070.8
11189.4
11308.3
11428.9
11556
11668.9
11789
11906.1
12019.4
12136.7
12251.5
12369.7
12485.4
12600.2
12713.9
12830.4
12944
13053.8
13173.3
13291.3
13412.6
13521.4
13628.6
13739.8
13846.7
13957.2
14065.5
14174.5
14277.2
14380.2
14485
14590.3
14701.4
14800.7
14904.5
15009.4
15113.6
15210.9
15314.8
15415.6
15510.2
15624.6
15735.2
15833.8
15934.6
16039.7
16139.9
16235.3
16335.8
16430.8
16530.8
16628.2
16725.7
16813.4
16904.3
17006.5
17101.2
17195.2
17289.7
17384.3
17477.6
17567.8
17664.6
17760.6
17872.7
17971
18059.8
18149.9
18241.3
18331.7
18420.3
18507.9
18596.2
18685.4
18772.3
18858.6
18948.6
19039.6
19124
19212.6
19300.2
19392.8
19477.3
19565.7
19654.8
19741.1
19837.8
19938.3
20027.5
20110
20194.6
20282.8
20360.3
20441
20523.6
20605
20689.8
20771.9
20853.6
20935.2
21020.5
21107.7
21193.8
21273.5
21355.6
21439.6
21516.3
21594.3
21675.5
21783.1
21872.2
21957.2
22037.6
22118.1
22201.5
22276.8
22353.8
22434.4
22519.7
22599.1
22676.8
22756.2
22835.7
22912.1
22987.7
23069.4
23147.8
23229.6
23310
23393.8
23475.9
23577.1
23660.6
23739.4
23819.5
23892.6
23969.8
24043
24116.8
24190.3
24266.8
24341
24416.4
24491.5
24565.4
24640.2
24714.9
24796.8
24871
24946.2
25023.2
25093.3
25168.9
25250.8
25345.6
25419.9
25499
25573.3
25648.6
25722.5
25792.7
25860.5
25934.6
26013.2
26087.8
26162.5
26236.7
26312.7
26383.9
26452.5
26527.6
26600.5
26674
26745.9
26816.2
26889
26985.7
27062.3
27135.6
27205.3
27276.5
27347.6
27419.2
27491.7
27560
27634.2
27713.8
27792.1
27869.4
27942.4
28015.7
28090.7
28166.1
28241.6
28314.9
28383.3
28463.5
28534.3
28613.9
28705.4
28776.9
28849.7
28918.3
28990.1
29062.9
29130
29196.4
29261.4
29328.5
29399.1
29462.5
29534.3
29603.6
29673.5
29740
29803.6
29865.3
29930.6
29991.3
30058
30128.1
30218.9
30296.2
30362.7
30428.5
30495.3
30561.1
30631.3
30696.9
30761.3
30823.2
30888.8
30950.9
31017.7
31079.9
31143.4
31210
31274.7
31336.5
31402.6
31466.1
31530.2
31595.3
31669
31747.7
31816.8
31883.8
31951.2
32016.9
32084.3
32147.3
32213.8
32277.8
32342
32404.7
32466.9
32525.8
32588.5
32653.1
32720.4
32787
32849.4
32912.4
32972.1
33035.7
33099.9
33182.2
33255
33326.7
33391
33455.1
33514.7
33573
33634
33691.5
33753.1
33815.6
33877.3
33946.1
34015.2
34084.7
34156.2
34225.6
34292.1
34361.5
34431.3
34503.2
34576.1
34655.1
34740.6
34813.7
34887.8
34956.3
35021.5
35088.2
35153.8
35213.1
35273.1
35332.5
35392.1
35452
35514.2
35579.2
35640.2
35703.6
35766.5
35826
35883.1
35940.9
36000.3
36066.1
36146.7
36211
36275.7
36338
36400.7
36457.8
36514.4
36576.4
36635.1
36695
36757.7
36815.2
36871
36932.9
36997
37055.1
37115.6
37173
37236.7
37300.9
37362.3
37424.2
37505.1
37569.1
37630.8
37691.3
37751.7
37811.9
37872.5
37933.2
37991.2
38050.1
38110.3
38171.1
38232.1
38290.9
38348.7
38405.2
38462.2
38519
38579.5
38640.2
38696.8
38757.3
38836.7
38905.3
38965.2
39026.7
39085.4
39145.5
39203.9
39260.5
39318.4
39378.2
39437.1
39496.2
39551.9
39609
39666.4
39719.7
39781.3
39833.8
39889.7
39948.6
40007
40063.7
40130.3
40203.7
40262
40321
40377.3
40435.5
40495.1
40549.6
40604.6
40657.2
40713.3
40776.3
40839.7
40898.6
40962.8
41022.1
41083
41143.5
41204.5
41264.5
41322.2
41375.1
41434.8
41515
41581.6
41636.5
41696.4
41751.9
41810.9
41866.5
41921.8
41976
42030.9
42086.2
42139.8
42196.3
42251.3
42306
42361.9
42415.9
42471.1
42521.7
42577
42631.5
42687.1
42760.3
42825.5
42883
42938.1
42997
43053.5
43112.1
43169.1
43224.9
43282.9
43343.6
43397.6
43448.4
43503.8
43553.6
43605.9
43661.6
43715.4
43767.7
43820.5
43873
43930.3
43989.1
44066.1
44122.9
44178.5
44234.4
44290.3
44344.4
44403.2
44457.7
44507.3
44561.7
44618.6
44669.3
44725.1
44781.5
44835.5
44889.1
44942.9
44993.2
45049.5
45101.3
45155.3
45207.6
45276
45338.2
45389.2
45441.7
45491.5
45544.2
45597.7
45651.6
45705.5
45756.9
45809.2
45864.6
45913.7
45968.8
46025.6
46077.8
46132.6
46189.9
46240.1
46292.3
46343.2
46396
46453
46523.9
46582.3
46637.1
46692.3
46743.3
46795
46849.2
46901.7
46954.7
47008.1
47059.4
47113
47164.1
47213.7
47268.6
47321.3
47376.7
47425.5
47475.8
47529.8
47582.3
47635.2
47708.1
47775.3
47830.9
47880.6
47933.3
47985
48034.5
48084.4
48132.2
48185.1
48240.6
48293.1
48345.1
48395.2
48449.5
48503.6
48556.9
48610.2
48661.2
48711.9
48762.5
48814.1
48872.3
48942.6
48997.7
49055.1
49110
49162.4
49209.6
49256.7
49307.5
49358.9
49408.9
49462
49514.1
49565.9
49612.5
49667.5
49717.2
49767.5
49814
49865.6
49916.4
49964.3
50014.9
50087.6
50145.3
50199.6
50252
50303.8
50359.2
50412.2
50465.9
50515.5
50565.5
50616.1
50668
50720.7
50770
50818.9
50872
50923
50975.4
51021.6
51072.5
51119.4
51167.8
51226.8
51294.7
51346.4
51396.3
51443.5
51491.7
51537.1
51586.4
51634.3
51683.6
51732
51783.5
51834.6
51886.5
51937.4
51988.5
52042.3
52093.3
52140.2
52191.8
52241.5
52291.2
52345
52413.2
52472.7
52524.3
52575.1
52626.3
52673
52716.3
52763.4
52813.9
52864.9
52913.5
52962
53012.9
53066
53118.4
53168.2
53220.9
53269.9
53323
53382.2
53435.6
53485.4
53550.3
53623
53678.2
53735.7
53786.4
53836.5
53888.1
53937.1
53988.8
54039
54093.7
54143.2
54192.6
54240.9
54293.5
54344
54396.2
54447.9
54500.7
54547.9
54593.5
54644.6
54693.7
54764.5
54824.5
54872.2
54920.9
54968.5
55013.3
55061.9
55106.4
55152.4
55196.1
55244.6
55292.9
55335.3
55380.6
55432.8
55483.1
55530.3
55579.5
55629.4
55675.8
55723.6
55769.1
55820.9
55889.8
55944.6
55993.8
56045.3
56091.1
56139.8
56184
56232.1
56276.6
56323.5
56371.9
56418
56467.9
56513.6
56557.1
56600.2
56648.4
56695.2
56739
56783.3
56827.5
56880.9
56935.1
57001.4
57052
57099.9
57145.2
57192.4
57240.3
57285.5
57331
57377.1
57418.5
57464.8
57512.8
57561.7
57609.5
57660.8
57709.3
57758.4
57803.3
57852.2
57900.1
57944.6
57994.7
58059.9
58110.8
58160.3
58211.4
58258.4
58303.2
58345
58393.6
58441
58488.5
58535.2
58581.2
58625.8
58674.5
58724
58774.7
58823.5
58877.5
58929.9
58980.6
59031.5
59083.9
59142.7
59213
59265.3
59312.7
59361.2
59412.6
59461.2
59510.8
59557.7
59603.2
59652.5
59699.7
59748.3
59798.6
59844.4
59898.6
59946.2
59993.7
60040.2
60083.5
60133
60177.3
60221.3
60289
60347.1
60392.6
60441.5
60488.4
60536.8
60582.5
60628.4
60671.5
60718.1
60762.3
60806.6
60852.9
60896.4
60943.8
60991.2
61038.7
61082.5
61127.6
61175.2
61221.1
61267.4
61327
61392
61438.4
61488.4
61536.1
61582.9
61628
61672.3
61714.3
61759.9
61806.4
61857.9
61904.3
61950.4
61995.2
62040.5
62088.6
62134.9
62179.1
62225.2
62267.2
62312.9
62361.6
62428.2
62478.4
62526.1
62571.4
62617.8
62659.5
62703.1
62748.9
62789.9
62837.5
62884
62932.4
62977.9
63027.7
63075
63121.6
63166.3
63212
63262.7
63325.3
63380.3
63429.7
63494.1
63551.2
63594.1
63634.7
63680
63728.2
63769.1
63812.7
63855.4
63897.3
63940.5
63987.6
64030.5
64079.9
64126.6
64171.3
64218.1
64267.5
64310.8
64357.3
64402.7
64445.9
64487.8
64550.2
64600.3
64644.3
64688
64729.9
64771.4
64814.6
64854.7
64897
64939.4
64983.9
65028.7
65072.5
65120.2
65163.2
65208.5
65254.6
65296.5
65339.7
65385.3
65432.7
65476.5
65535.6
65594.9
65639.3
65682.2
65728.7
65770.3
65812
65852.5
65898.7
65940.7
65983.2
66029.1
66068.5
66114.3
66159.2
66202.9
66252.5
66300.5
66343.4
66388.4
66430.3
66471.9
66523.9
66587.7
66631.6
66677.9
66722.3
66768.7
66813.1
66856.3
66899.7
66945
66987.9
67031.9
67077.6
67121.6
67167.2
67212.4
67260.7
67304.8
67348.6
67391.6
67435.1
67477.9
67527.6
67589.7
67636.1
67679
67724.5
67769.5
67813.5
67856.4
67897.3
67941.7
67982.9
68024.6
68068.9
68113.3
68157
68201
68245.1
68292
68334.8
68379.4
68423.3
68469.2
68513.3
68577.8
68632.8
68679.8
68722.8
68764.1
68807.9
68850.8
68891.8
68935
68976.3
69020.1
69063.9
69103.1
69145.2
69189.1
69230.2
69272.8
69315.4
69360.7
69405.5
69447.2
69488.3
69541.6
69598.8
69644.2
69688
69732
69775.2
69819.7
69859.8
69903.2
69942.1
69981.6
70026.1
70070
70111.3
70153.4
70195.4
70236.6
70278.6
70321.9
70362.9
70403.3
70448.8
70497.5
70562.9
70612.7
70656.8
70702.5
70740.4
70784.7
70826.4
70868.5
70908.3
70953.9
70999.3
71042.3
71087.5
71128.5
71173.5
71214.1
71259.8
71300.7
71344.7
71385.5
71422.6
71464
71526.8
71575.3
71621.7
71664.2
71702.7
71744.8
71782.9
71823
71863.7
71907
71945.3
71988.1
72030.9
72074
72115.3
72156.4
72205.2
72247.6
72291.6
72333.4
72377.3
72421.5
72484.3
72540.6
72583.7
72625.3
72668.3
72711.3
72754.9
72795.1
72831.7
72873
72914.9
72956.6
72998.8
73040.4
73083.8
73126.7
73169.5
73210.3
73252.1
73295.4
73336.6
73380
73433.9
73489.2
73534.7
73573.9
73612.7
73655.5
73696.9
73737.1
73777.4
73817.7
73863.1
73907
73949.4
73989.2
74024.7
74065.3
74107.7
74153
74194.8
74237.2
74280.8
74319.3
74369.9
74432.5
74480.2
74524.9
74566.3
74607.4
74649.7
74689.3
74729.8
74770.1
74807.9
74851.3
74892.9
74933
74974.4
75014.4
75053.9
75094.6
75134.2
75173.7
75214.3
75256.4
75298.7
75357.8
75407.4
75450.2
75494.1
75535
75579.9
75620.4
75659.3
75697.9
75737.7
75777.5
75820.6
75859.6
75901.8
75940.5
75982.8
76023.8
76065.2
76105.5
76146.7
76187.1
76228
76269.2
76331.7
76378.3
76421.2
76464.9
76504.5
76544
76585.4
76623.5
76664.4
76703.6
76743
76783.9
76825.3
76865
76903.6
76941.7
76983
77023.5
77061.9
77102.6
77142.5
77184.3
77240.7
77293
77336.6
77375.5
77415.9
77454.5
77493
77533.9
77574.2
77615.8
77657.4
77698.8
77738.5
77779.2
77820.4
77861
77906.8
77949.1
77987.6
78026.5
78066
78103.4
78151.4
78211
78254.3
78300.4
78340.8
78383.5
78422.6
78461.5
78500.1
78537.3
78576.6
78615.3
78655.1
78695.8
78737.8
78778.8
78824.4
78867.9
78903.6
78945.9
78985.5
79025.3
79065.2
79123
79170.9
79214.1
79258.7
79300.4
79342.4
79377.4
79415
79451
79488
79527.7
79568.4
79604.5
79648.1
79690.8
79732.3
79776.3
79815.8
79853.3
79896.6
79936.9
79975
80020.7
80084.7
80131.1
80173
80212.8
80250.5
80292.3
80330.1
80370.9
80406.7
80443.3
80480.5
80518.2
80557.1
80600.3
80637.6
80679.9
80718.9
80757.6
80795.8
80837.9
80881.3
80923.2
80982.5
81034.1
81075.7
81116.1
81155.7
81194.4
81234.4
81275.8
81313.1
81350.3
81388.3
81427.3
81464.1
81500.6
81539
81578.1
81618.9
81659.6
81694.6
81734.8
81773.3
81812.5
81856.3
81917.9
81963.6
82008.2
82049.3
82086.2
82124.9
82163.2
82201.9
82242.1
82282.1
82320.3
82361.2
82398.7
82441.5
82484.3
82524.3
82563.5
82601.9
82640.2
82680
82722.1
82762.6
82824.4
82869.3
82911.7
82958.4
83000.9
83041.9
83081.4
83121.9
83163.5
83207.1
83247.6
83290.9
83330.1
83372.5
83415.8
83462.1
83510.6
83553.3
83590.9
83631.8
83677.3

538.002
872.371
1133.08
1364.01
1559.57
1721.82
1862.68
1990.55
2112.58
2231.76
2338.27
2437.31
2537.58
2633.21
2730.23
2817.86
2912.03
3002.04
3090.39
3172.55
3258.33
3342.42
3421.41
3505.45
3591.7
3676.01
3756.14
3832.36
3910.42
3983.84
4057.96
4128.91
4201.09
4270.68
4336.68
4410.2
4479.3
4545.7
4611.15
4678.9
4746.92
4812.65
4879.62
4947.35
5014.51
5078.22
5150.16
5218.3
5282.89
5350
5410
5467.86
5526.14
5584.36
5646.94
5701.97
5761.17
5818.2
5873.1
5930.1
5986.5
6044.57
6100.9
6156.95
6211.92
6268.84
6325.44
6379.18
6437.78
6494.72
6553.64
6606.18
6658.22
6712.07
6763.93
6818.14
6871.22
6925.27
6975.48
7025.3
7076.94
7128.94
7184.15
7231.93
7282.4
7333.47
7383.89
7431.08
7481.69
7530.8
7576.58
7632.08
7685.31
7733.55
7782.16
7833.38
7882.51
7929.48
7978.46
8024.43
8073.33
8120.79
8167.63
8210.97
8255.22
8304.15
8350.61
8396.86
8443.46
8489.6
8535.32
8579.56
8627.39
8675.09
8729.71
8777.52
8820.48
8864.74
8908.68
8952.91
8996.95
9040.22
9083.34
9127.22
9169.11
9210.44
9253.84
9298.76
9339.16
9382.45
9425.47
9470.25
9511.66
9554.87
9597.76
9640.12
9687.38
9736.47
9780.36
9820.86
9862.31
9905.68
9943.55
9982.62
10023
10063
10104.9
10144.8
10185.1
10225.6
10267.7
10310.8
10353.2
10392.4
10432.5
10474.4
10511.4
10549.8
10589.7
10642.7
10686.3
10727.6
10766.6
10806.2
10846.8
10883.7
10921.6
10961.8
11003.9
11043
11081.5
11120.8
11159.6
11197.4
11234.5
11274.6
11313.5
11354
11393.5
11434.5
11475.1
11524.7
11565.1
11603.9
11643.2
11679.3
11717.4
11753.6
11790
11826.3
11864.5
11901.8
11938.7
11975
12010.4
12047.2
12083.4
12124
12160.5
12197.2
12235
12269.8
12307.3
12347.4
12394.1
12430.1
12468.8
12505.4
12542.4
12579
12613.7
12647.1
12683.7
12722.3
12759
12795.7
12832.1
12869.7
12904.7
12938.3
12975
13010.9
13046.7
13081.7
13116.3
13152.1
13199.1
13236.5
13272.5
13306.8
13341.6
13376.6
13411.8
13447.8
13480.8
13517.3
13556.5
13594.8
13632.7
13668.7
13704.3
13740.9
13778.1
13815.4
13850.9
13884.2
13923.1
13957.8
13996.7
14041.4
14075.6
14111.3
14145.2
14180.1
14215.3
14248.3
14280.6
14312.8
14346.1
14380.6
14411.1
14446.2
14480.2
14514.6
14547.6
14578.7
14608.9
14641.1
14671.1
14704
14738.5
14783.3
14821.1
14854
14886.5
14919.1
14951.6
14986.4
15018.5
15050.6
15080.7
15112.9
15143.8
15176.6
15207.2
15237.8
15270.3
15302.1
15332.9
15365.3
15396.2
15428.1
15460.4
15496.7
15535
15568.6
15601.5
15634.5
15666.8
15700
15731.2
15764.1
15795.6
15826.8
15857.4
15887.3
15916.5
15946.8
15978.1
16011.1
16043.7
16074.1
16105.4
16134.5
16165.8
16197.2
16237.3
16272.4
16307.3
16338.7
16370
16398.5
16427.3
16457
16485.1
16515.6
16546.3
16576.5
16610.3
16644.1
16678
16713
16746.7
16779.3
16812.9
16847.4
16882.2
16917.9
16956.7
16998.5
17033.9
17069.8
17103.2
17135.1
17167.3
17199.3
17228.1
17257.6
17286.3
17315.3
17344.6
17375
17406.8
17436.2
17467.4
17498
17527.2
17554.7
17583.1
17612.4
17644.3
17683.8
17714.6
17746.2
17776.6
17807.4
17835.8
17863.4
17894
17922.9
17952.4
17982.5
18010.8
18037.9
18068.2
18099.2
18127.3
18157.4
18185.3
18216.3
18247.5
18277.4
18307.6
18347
18377.9
18407.7
18437.5
18466.9
18495.8
18525.6
18555.3
18584.1
18613
18642.3
18671.7
18701.7
18731
18759.6
18787.6
18815
18842.8
18872.5
18901.7
18929.2
18958.7
18997.8
19031.4
19060.6
19090
19118.6
19147.9
19176.4
19203.8
19231.9
19261.1
19289.7
19318.7
19346.1
19373.9
19402
19428.4
19458.7
19484.1
19511.2
19540.1
19569
19596.9
19629.7
19665
19693.6
19722.3
19749.7
19778.1
19807.1
19833.9
19861.1
19886.8
19914.2
19945
19976.2
20005.1
20036.5
20065.8
20096
20125.8
20156.2
20185.6
20213.7
20239.6
20268.4
20307.5
20340.1
20366.9
20395.8
20422.6
20451.4
20478.7
20506.1
20531.9
20558.4
20585.4
20611.9
20639.3
20665.9
20692.9
20720.2
20746.9
20773.9
20798.7
20826.3
20853.1
20880.1
20915.7
20947.4
20975.5
21002.4
21031.1
21058.9
21087.3
21115.1
21142.3
21171.1
21200.8
21227.3
21251.9
21279.1
21303.6
21329.5
21357.1
21383.4
21409.5
21435.5
21461.4
21489.7
21518.1
21555.9
21583.9
21611.3
21639.1
21666.6
21693.2
21722.2
21749.3
21774.3
21801.3
21829.4
21854.5
21882.2
21910
21936.8
21963.4
21990
22015.2
22042.9
22068.5
22095.1
22121.3
22155
22185.4
22210.3
22236.2
22260.6
22287
22313.9
22340.3
22366.8
22392
22418
22445.5
22469.4
22496.7
22524.8
22550.9
22578.4
22606.8
22631.7
22657.2
22682.5
22708.9
22736.8
22771.4
22800.3
22827.1
22854.3
22879.5
22904.8
22931.4
22957.3
22983.3
23009.3
23034
23060.1
23085.2
23109.4
23136.3
23162.4
23189.7
23213.8
23238.3
23264.5
23289.9
23315.9
23351.8
23384.5
23411.5
23435.4
23460.9
23486.1
23510.1
23534.2
23557.4
23583
23610
23635.6
23661
23685.7
23712.1
23738.4
23764.7
23791.1
23815.9
23840.6
23865.9
23891.3
23919.8
23954
23980.7
24009.2
24036
24061.4
24084.3
24107.6
24132.6
24157.5
24182
24208.3
24233.6
24258.8
24281.6
24308.4
24333
24357.8
24380.8
24406.3
24431
24454.7
24479.8
24515.2
24543.6
24570.5
24595.9
24621.5
24648.6
24674.9
24701
24725.6
24750.5
24775.1
24800.6
24826.6
24851.2
24875.5
24901.5
24926.4
24952
24974.9
25000.1
25023.1
25047.1
25076
25109.3
25134.7
25158.9
25181.8
25205.4
25228.3
25252.3
25275.7
25299.9
25324
25349.3
25374.4
25399.6
25424.4
25449.3
25475.6
25500.5
25523.5
25548.8
25573.2
25597.4
25623.8
25657.1
25686
25711.3
25735.8
25760.6
25783.2
25804
25826.9
25851.3
25876.2
25900
25923.8
25948.5
25974.5
26000.1
26024.6
26050.4
26074.4
26100.3
26129.1
26155.5
26179.6
26211.4
26246.9
26273.9
26301.8
26326.5
26350.6
26375.9
26399.9
26425.2
26449.8
26476.5
26500.8
26525.4
26549
26574.4
26598.9
26624.8
26650.5
26676.5
26699.8
26722.3
26747.7
26771.9
26806.5
26836
26858.9
26882.5
26906
26928.1
26951.8
26973.8
26996.3
27017.2
27041.2
27064.7
27085.6
27108
27133.5
27158
27181.2
27204.9
27229.6
27251.9
27275.3
27297.5
27322.7
27356.2
27383
27407.2
27432.4
27454.8
27478.6
27500.4
27523.9
27545.7
27568.8
27592.3
27614.5
27639.2
27661.7
27683.2
27704.8
27728.3
27751.2
27772.3
27794.2
27815.8
27841.9
27868.4
27900.9
27925.7
27949
27970.9
27994.2
28017.8
28040.3
28062.6
28085.8
28106.4
28129.1
28152.7
28176.8
28200.5
28225.7
28249.7
28273.6
28295.7
28319.8
28343.3
28365.2
28389.6
28421.7
28446.4
28470.3
28495.8
28518.8
28540.8
28561.4
28585.3
28608.7
28632
28655.1
28677.6
28699.5
28723.6
28747.8
28772.5
28796.4
28822.8
28848.9
28874.1
28899.2
28924.7
28953.7
28988.3
29014
29037.2
29060.9
29086
29109.9
29134.2
29157.1
29179.1
29203.6
29226.8
29250.8
29275.2
29297.6
29324.1
29347.6
29371.4
29394.2
29415.2
29439.5
29461.5
29483
29516.1
29544.7
29567.1
29591.1
29614.3
29638
29660.6
29683.3
29704.8
29727.8
29749.5
29771.6
29794.6
29815.9
29839.8
29863.2
29886.4
29908.1
29930.5
29954.1
29976.6
29999.1
30028.6
30060.5
30083.3
30107.8
30131.3
30154.4
30176.6
30198.7
30219.4
30241.8
30264.8
30290.2
30313.3
30336.1
30357.9
30379.8
30403.6
30426.4
30448.4
30471.2
30491.8
30514.4
30538.2
30571.1
30595.6
30618.7
30640.9
30663.5
30684.1
30705.8
30728.2
30748
30771.2
30794.1
30817.9
30840.4
30864.8
30888.3
30911.1
30933.4
30956.3
30981.2
31012
31039.1
31063.5
31094.9
31122.9
31143.9
31163.9
31186.1
31209.7
31229.8
31251.1
31272.1
31292.7
31314
31337.3
31358.2
31382.6
31405.7
31428
31451
31475.2
31495.9
31518.9
31541.5
31562.8
31583.6
31614.5
31639
31660.8
31682.4
31702.9
31723.6
31744.9
31764.5
31785.4
31806.2
31828.1
31850.1
31871.6
31895
31916.3
31938.7
31961.3
31981.9
32003.1
32025.5
32049
32070.6
32099.5
32128.5
32150.4
32171.2
32194
32214.4
32235
32254.7
32277.5
32298.3
32319.3
32341.8
32361.3
32383.9
32406.3
32427.9
32452.2
32476
32497.1
32519.3
32540
32560.7
32586.3
32617.7
32639.5
32662.3
32684
32706.8
32728.5
32749.8
32771.5
32793.8
32814.8
32836.6
32859.1
32880.5
32903.3
32925.6
32949.1
32970.8
32992.3
33013.4
33035.2
33056.4
33080.7
33111.1
33134
33154.8
33177.2
33199.5
33221.4
33242.5
33262.8
33284.6
33304.9
33325.8
33347.9
33369.3
33391.1
33412.7
33434.5
33457.4
33478.5
33500.4
33522.2
33544.7
33566.5
33598.4
33625.8
33648.9
33669.9
33690.4
33712
33733
33753.3
33774.7
33795
33816.5
33838.1
33857.6
33878.5
33900.2
33920.6
33941.6
33962.4
33985
34007.1
34027.5
34047.1
34073.2
34101.4
34123.4
34144.6
34166
34187.1
34208.5
34228.1
34249
34268
34287.3
34309.1
34330.6
34350.7
34371.4
34391.9
34412.1
34432.7
34453.8
34474.2
34494.3
34516.7
34540.5
34572.6
34597
34618.3
34640.8
34659.5
34681.1
34701.5
34722
34741.7
34764.1
34786.5
34807.7
34829.9
34850
34871.9
34891.9
34914.5
34934.5
34956.1
34976.1
34994.3
35014.7
35045.9
35069.8
35092.7
35113.5
35132.3
35152.8
35171.4
35191.1
35211
35232.4
35251.2
35272.5
35293.4
35314.4
35334.8
35354.9
35379
35399.9
35421.5
35441.9
35463.5
35485.2
35516.2
35544
35564.7
35584.8
35606
35627.1
35648.4
35667.9
35685.9
35706.3
35726.8
35747.4
35767.9
35788.2
35809.8
35830.9
35852
35871.6
35892.1
35913.5
35934
35955.5
35981.8
36009.3
36031.9
36050.9
36070.1
36091
36111.3
36131.3
36151.1
36170.8
36193.1
36214.6
36235.8
36255.6
36272.8
36292.6
36313.4
36335.7
36356.3
36377.3
36398.8
36417.6
36442.6
36473.2
36496.5
36518.6
36538.8
36558.9
36579.9
36599.7
36619.6
36639.2
36657.8
36679.2
36699.8
36719.5
36740.1
36759.8
36779.2
36799.1
36818.6
36838
36858
36878.7
36899.3
36928.5
36952.7
36973.8
36995.3
37015.1
37037
37056.7
37076
37094.9
37114.5
37134
37155.1
37174.4
37194.7
37213.8
37234.5
37254.4
37274.9
37294.6
37314.6
37334.6
37354.5
37374.4
37405
37428
37448.8
37470.3
37489.8
37509.1
37529.4
37548.3
37568.3
37587.6
37606.8
37627.4
37648.1
37667.6
37686.7
37705.3
37725.7
37745.6
37764.4
37784.3
37803.9
37824.4
37852.3
37877.9
37899.2
37918.5
37938.1
37956.7
37975.4
37995.5
38015.4
38035.8
38056.1
38076.5
38096.1
38116.1
38136.3
38156.1
38178.3
38199.1
38217.6
38236.8
38256
38274.2
38297.7
38326.9
38348.3
38370.8
38390.4
38411.5
38430.7
38450
38469
38487.2
38506.7
38526
38545.8
38566
38586.7
38607
38629.5
38650.9
38668.5
38689.3
38708.7
38728.2
38747.8
38776.3
38799.9
38821.2
38843.1
38863.5
38884
38901.3
38919.8
38937.5
38955.6
38975.2
38995.3
39012.8
39034.2
39055.2
39075.6
39097.5
39116.7
39135.4
39156.8
39176.7
39195.5
39218
39249.4
39272.3
39292.9
39312.5
39330.9
39351.6
39370.2
39390.2
39408
39425.8
39444.2
39463
39482.1
39503.4
39521.9
39542.5
39562
39581.1
39599.6
39620.3
39641.6
39662.1
39691.5
39717.2
39737.5
39757.4
39777.1
39796.3
39816.2
39836.7
39855
39873.4
39891.9
39911
39929.1
39947
39965.9
39985.2
40005.4
40025.6
40042.8
40062.6
40081.4
40100.6
40122.1
40152.5
40174.8
40196.6
40216.8
40234.9
40253.8
40272.4
40291.4
40311.2
40331
40350.1
40370.2
40388.7
40409.8
40430.8
40450.3
40469.6
40488.6
40507.4
40527
40547.7
40567.5
40597.9
40619.9
40640.6
40663.3
40684.2
40704.6
40724.2
40744.1
40764.4
40786
40806
40827.6
40847.1
40868
40889.2
40911.8
40935.6
40956.7
40975.2
40995.3
41017.8

351.878
568.052
736.403
887.502
1014.36
1118.9
1210.76
1294.15
1374.24
1450.89
1519.06
1584.31
1649.02
1710.43
1772.93
1828.23
1889.72
1948.11
2004.38
2056.41
2110.27
2165.2
2215.76
2269.3
2324.67
2378.21
2429.89
2479.49
2529.47
2576.16
2624.07
2670.5
2717
2761.68
2804.62
2852.23
2898.05
2941.14
2982.99
3026.93
3070.69
3112.93
3155.79
3199.55
3242.82
3284.18
3330.93
3375.18
3417.15
3459.75
3498.38
3535.98
3573.49
3612.05
3652.57
3688.45
3726.47
3763.53
3799.26
3836.34
3873.47
3911.3
3947.96
3984.95
4020.74
4058.04
4094.89
4130.15
4168.54
4206.94
4245.72
4280.46
4314.41
4348.96
4382.71
4417.86
4452.2
4487.2
4519.73
4552.08
4585.73
4619.32
4654.29
4686.07
4719.26
4752.69
4785.78
4816.57
4848.94
4880.85
4911.2
4947.17
4982.62
5013.8
5046.04
5079.82
5112.42
5143.53
5175.89
5206.22
5238.69
5269.94
5300.48
5328.87
5357.62
5390.17
5420.38
5450.56
5480.8
5510.87
5540.94
5569.84
5600.89
5631.39
5667.28
5698.54
5726
5755.12
5783.62
5812.36
5841.01
5868.79
5896.93
5925.24
5952.65
5980.59
6009.2
6038.35
6064.52
6092.61
6121.16
6150.47
6177.2
6205.66
6234.19
6262.19
6292.81
6324.77
6353.78
6380.3
6407.42
6435.17
6459.58
6485.05
6511.28
6537.41
6564.37
6590.48
6616.69
6642.52
6669.78
6698.03
6725.87
6751.7
6777.81
6805.24
6829.93
6855.56
6881.22
6915.8
6944
6971.2
6996.74
7022.66
7049.09
7073.01
7097.65
7123.65
7151.04
7176.43
7201.1
7226.62
7251.98
7276.24
7299.98
7325.79
7350.85
7376.96
7402.32
7429.33
7455.65
7487.52
7514.3
7539.48
7564.74
7588.46
7612.76
7636.25
7659.92
7683.62
7708.21
7732.35
7756.52
7780.56
7803.75
7827.78
7851.23
7876.98
7900.92
7924.9
7949.64
7971.53
7996.15
8022.42
8052.74
8076.13
8101.43
8124.84
8148.93
8172.59
8194.93
8216.67
8240.46
8265.68
8289.57
8313.45
8337.1
8361.36
8384.1
8405.97
8430
8453.14
8476.37
8499.19
8521.49
8544.71
8575.33
8599.91
8623.41
8645.75
8668.25
8690.82
8713.8
8737.07
8758.21
8781.96
8807.31
8832.45
8856.89
8879.99
8903.8
8928.07
8952.13
8976.41
8999.8
9021.68
9047.2
9069.76
9095.45
9124.44
9147.04
9169.94
9191.52
9214.28
9237.18
9258.56
9279.7
9300.29
9321.63
9343.99
9363.89
9386.69
9408.8
9431.36
9452.61
9473.08
9492.98
9513.97
9533.6
9554.83
9577.39
9606.42
9630.97
9652.28
9673.17
9694.44
9715.57
9738.01
9758.93
9779.76
9799.59
9820.73
9841.01
9862.47
9882.66
9902.99
9924.46
9945.49
9965.63
9986.63
10006.7
10027.3
10047.8
10071.7
10096.8
10118.6
10140.1
10161.9
10182.7
10204.3
10224.9
10246.2
10266.3
10286.5
10306.2
10326
10345.1
10365.2
10385.4
10406.8
10427.9
10447.6
10467.5
10486.7
10506.8
10527.3
10553.5
10576.5
10599
10619.2
10639.5
10658.6
10676.9
10696.6
10715.1
10734.5
10754.6
10774.4
10796.6
10818.3
10840.6
10863.5
10885.6
10906.7
10929.3
10951.7
10974.4
10997.6
11022.8
11050.2
11073.5
11097
11118.7
11139.8
11161
11181.7
11200.5
11220
11239.1
11258
11277.2
11297
11317.6
11336.9
11357
11376.9
11396.4
11414.5
11433.3
11452.4
11473.3
11498.8
11519.2
11540
11559.8
11579.8
11598.1
11616
11635.9
11654.5
11673.7
11693.4
11711.9
11729.5
11749.3
11769.7
11788.3
11807.7
11826.1
11846.5
11866.6
11886.4
11906
11931.9
11952.1
11971.7
11990.9
12010
12029.4
12048.9
12068.3
12087.1
12106.1
12125.2
12144.5
12164.2
12183
12201.5
12220.1
12238.4
12256.7
12276.1
12295.4
12313.2
12332.6
12357.9
12379.7
12399
12418.8
12437.4
12456.8
12475.7
12494
12512.5
12531.7
12550.2
12569.4
12586.9
12605.3
12623.6
12640.7
12660.2
12676.7
12694.6
12713.4
12732
12750.3
12771.7
12794.9
12813.6
12832
12850.1
12868.6
12887.6
12904.9
12922.5
12939.5
12957.3
12977.4
12997.8
13016.8
13037.2
13056.3
13075.7
13094.9
13114.7
13133.6
13151.8
13168.5
13187.3
13213
13234
13251.2
13270.1
13287.6
13306.3
13323.6
13341
13357.8
13375
13392.7
13410
13428.1
13445.7
13463.3
13481.2
13498.6
13516.4
13532.5
13550.2
13567.5
13585.4
13608.6
13629.5
13647.8
13665.5
13684.3
13702.3
13720.9
13739
13756.6
13775.1
13794.4
13811.5
13827.5
13845
13860.8
13877.5
13895.3
13912.3
13929.1
13945.8
13962.7
13980.6
13998.5
14022.9
14041.2
14059
14077
14094.7
14112.1
14131
14148.1
14164.1
14181.8
14200
14216
14233.9
14252.3
14269.8
14287
14304
14320
14337.8
14354.6
14371.8
14388.3
14410.4
14430
14446.1
14462.8
14478.7
14495.4
14512.7
14529.9
14546.5
14563
14579.9
14597.5
14612.5
14630
14648.4
14665
14682.6
14701
14716.9
14733.7
14750.1
14766.9
14785
14807.4
14826.2
14843.9
14861.5
14877.8
14893.8
14911.1
14928
14944.8
14961.8
14978.3
14995.4
15011.7
15027.7
15045.2
15062.2
15080.1
15095.7
15112
15129.4
15146.1
15163.4
15187.1
15208.4
15226.2
15242.3
15259.1
15275.7
15292
15308.2
15323.6
15340.5
15358.3
15375.1
15391.7
15407.9
15425.2
15442.5
15459.6
15476.8
15493.1
15509.1
15525.3
15542.1
15560.6
15583
15600.2
15618.4
15636
15652.6
15667.3
15682.3
15698.5
15715
15731.2
15748.2
15764.7
15781.4
15796.5
15813.9
15830
15846.1
15861.3
15877.8
15894
15909
15925.3
15948.5
15966.9
15984.1
16000.5
16017
16034.5
16051.5
16068.9
16084.8
16101.1
16117.6
16134.1
16151.3
16167.7
16183.7
16201
16217.2
16234.2
16249.6
16266.3
16281.4
16297.2
16316.1
16338.2
16354.9
16371.1
16386.2
16401.7
16416.6
16432.1
16447.4
16463.1
16479.3
16495.8
16511.8
16528.1
16544.3
16560.4
16577.5
16593.4
16608.2
16624.4
16640.3
16655.8
16672.8
16694.5
16713.4
16729.7
16745.7
16761.7
16776.6
16790.1
16804.9
16820.9
16836.8
16852.3
16867.4
16883.3
16900.1
16916.7
16932.8
16949.4
16964.8
16981.4
17000
17017
17032.6
17053.3
17076.4
17094
17112.3
17128.2
17144.1
17160.4
17176
17192.5
17208.5
17225.8
17241.5
17257.5
17272.7
17289.4
17305.5
17322.3
17339
17355.9
17370.7
17385.4
17401.8
17417.2
17440.2
17459.4
17474.3
17489.8
17505.1
17519.3
17534.6
17548.7
17563.3
17576.7
17592.2
17607.6
17621.1
17635.3
17651.9
17667.9
17683
17698.5
17714.5
17728.9
17744.3
17758.7
17775
17796.7
17814.3
17829.9
17846.1
17860.6
17875.7
17889.8
17905
17918.4
17933.3
17948.7
17963.1
17979.1
17993.6
18007.7
18021.5
18036.9
18052.1
18066.3
18080.7
18094.9
18111.8
18129
18150.2
18166.5
18181.8
18196.4
18211.6
18227.1
18241.6
18256
18270.8
18284.1
18299
18314.4
18330
18345.1
18361.8
18377.3
18393.2
18407.4
18423
18438.4
18452.8
18468.8
18489.8
18505.9
18521.6
18537.7
18552.9
18567.1
18580.4
18596.3
18611.4
18626.7
18641.7
18656.5
18670.7
18686.3
18702.2
18718.3
18733.9
18751.2
18768.1
18784.5
18800.9
18817.5
18836.4
18859.1
18875.8
18891
18906.4
18922.7
18938.3
18954
18968.8
18983.3
18999.1
19014
19029.6
19045.4
19060.2
19077.3
19092.3
19107.4
19122.2
19136
19151.7
19166.1
19180.2
19201.9
19220.7
19235.2
19251
19266
19281.4
19296.2
19311
19324.9
19339.9
19354.2
19368.3
19383.4
19397.4
19412.8
19428.2
19443.3
19457.7
19472.2
19487.4
19502
19516.7
19535.8
19556.6
19571.4
19587.4
19602.6
19617.6
19632.1
19646.2
19659.8
19674.5
19689.3
19705.6
19720.5
19735.2
19749.3
19763.6
19778.9
19793.6
19808.1
19822.8
19836.1
19850.9
19866.4
19888
19904.2
19919.4
19934.2
19949
19962.7
19976.7
19991.4
20004.5
20020.1
20035
20050.6
20065.3
20081.4
20096.8
20111.8
20126.2
20140.7
20157
20177
20194.6
20210.2
20231
20249.3
20263
20276.3
20291
20306.5
20319.6
20333.4
20347
20360.7
20374.6
20389.6
20403.2
20419.2
20434.1
20448.6
20463.5
20479.4
20493.1
20507.9
20522.4
20536.1
20549.7
20569.9
20585.7
20600
20613.8
20627.1
20640.6
20654.4
20667.2
20680.7
20694.2
20708.5
20722.7
20736.4
20751.5
20765.2
20779.6
20794.3
20807.7
20821.5
20836.1
20851.2
20865.3
20884.3
20903.3
20917.6
20931.1
20946
20959.3
20972.7
20985.8
21000.3
21013.9
21027.8
21042.4
21054.9
21069.8
21084.2
21098.1
21113.8
21129.2
21142.9
21157.3
21170.6
21184
21200.6
21221.1
21234.7
21249.6
21263.6
21278.4
21292.8
21306.7
21320.6
21335.2
21348.8
21362.8
21377.5
21391.6
21406.2
21420.7
21436.1
21450.2
21464.3
21478.2
21492.4
21506.2
21522.2
21542
21557.1
21570.7
21585.4
21599.8
21614.2
21627.9
21641.1
21655.3
21668.6
21682.1
21696.4
21710.4
21724.5
21738.4
21752.4
21767.3
21781
21795.1
21809.3
21824
21838.1
21858.7
21876.1
21891.1
21905.1
21918.2
21932
21945.6
21958.7
21972.6
21986
22000
22014
22026.8
22040.1
22054.2
22067.3
22080.9
22094.4
22108.9
22123.1
22136.6
22149.8
22166.7
22184.9
22199.2
22213
22227.1
22240.8
22255.2
22267.9
22281.7
22294.2
22306.9
22321.2
22335.3
22348.4
22362.1
22375.6
22388.7
22402.2
22415.9
22429.1
22442
22456.5
22472.3
22493.6
22509.4
22523.4
22538.1
22550.1
22564.2
22577.7
22591.3
22604
22618.7
22633.2
22646.6
22661
22674
22688.5
22701.4
22715.8
22728.9
22743
22756
22767.8
22780.9
22800.9
22816.3
22831.2
22845
22857.4
22870.6
22882.7
22895.6
22908.8
22922.9
22935.4
22949.3
22963.2
22977.1
22990.6
23003.9
23019.7
23033.6
23047.9
23061.4
23075.4
23089.8
23110.1
23128.2
23142
23155.2
23169.1
23182.7
23196.8
23209.8
23221.7
23235.2
23248.6
23262.1
23275.6
23289
23303.1
23317.2
23330.9
23344.1
23357.8
23371.6
23385
23398.9
23416.1
23433.9
23448.4
23460.9
23473.4
23487
23500.4
23513.4
23526.3
23539.3
23553.9
23567.8
23581.3
23593.9
23605.4
23618.3
23632
23646.6
23660
23673.5
23687.5
23699.7
23715.8
23735.8
23750.8
23765
23778
23791.1
23804.6
23817.2
23830
23842.7
23854.8
23868.6
23881.9
23894.6
23907.8
23920.6
23933.2
23946.2
23959
23971.6
23984.4
23998.1
24011.5
24030.3
24046.1
24059.6
24073.5
24086.8
24101
24113.8
24126.2
24138.5
24151.1
24163.9
24177.4
24189.8
24203
24215.4
24229
24241.9
24255.1
24268
24281.2
24294.1
24307
24320.1
24339.4
24354.1
24367.6
24381.5
24394.1
24406.6
24419.7
24432
24445
24457.6
24470.1
24483.2
24496.5
24509.1
24521.4
24533.5
24546.6
24559.6
24571.8
24584.8
24597.6
24611
24628.9
24645.4
24659.4
24671.9
24684.8
24697.1
24709.5
24722.6
24735.5
24748.6
24762
24775.1
24787.8
24800.9
24814.1
24826.9
24841.6
24855
24867.3
24879.8
24892.4
24904.4
24919.9
24939.2
24953.1
24967.8
24980.8
24994.4
25007
25019.6
25032
25043.9
25056.5
25069
25081.8
25095.1
25108.5
25121.7
25136.5
25150.3
25161.9
25175.4
25188.2
25201.1
25213.9
25232.4
25247.7
25261.3
25275.6
25288.9
25302.2
25313.7
25325.7
25337.2
25348.9
25361.4
25374.6
25386.1
25400
25413.7
25426.7
25440.9
25453.3
25465.4
25479.3
25492.2
25504.3
25519
25539.5
25554.1
25567.4
25579.9
25591.7
25605
25617.1
25630
25641.4
25653
25664.9
25677
25689.3
25703.2
25715.1
25728.7
25741
25753.3
25765.3
25778.7
25792.5
25805.8
25824.9
25841.6
25854.8
25867.7
25880.3
25892.7
25905.3
25918.4
25930.4
25942.4
25954.4
25966.8
25978.5
25990.2
26002.4
26014.8
26027.9
26041.1
26052.3
26064.9
26077.4
26089.8
26103.9
26123.7
26138.1
26152.4
26165.5
26177.4
26190
26202.1
26214.3
26227.1
26239.8
26251.9
26264.7
26276.4
26289.9
26303.7
26316.5
26328.9
26341
26353.1
26365.7
26378.9
26391.8
26411.4
26425.8
26439.1
26453.9
26467.5
26480.5
26493.2
26506.2
26519.3
26533.3
26546.4
26560.2
26572.6
26586.1
26599.8
26614.7
26629.9
26643.4
26654.9
26668
26682.6

