64 128
1 53936 29401 188 45974 15839 376 14756 15212 877 E 7991
2 59812 32731 174 44470 16079 348 14765 23231 1130 E 4733
3 58944 35134 187 33730 14154 374 16783 26272 1465 E 4489
4 59317 35498 197 48571 13909 394 17557 32341 1679 E 4745
5 59547 36304 235 29633 12074 470 17960 32179 1977 E 4179
6 62348 37434 191 33275 12769 382 18880 35413 2104 E 4218
7 59850 37676 364 33014 12480 728 20656 43570 2728 E 4216
8 54668 37917 354 61542 12818 708 28693 52880 2788 E 6323
9 78823 39402 347 31442 16390 694 29527 59493 3016 E 5847
10 87914 40750 228 32541 11931 456 21851 55784 2785 E 5415
11 56753 39621 445 27377 13097 890 22492 58517 3536 E 4474
12 60853 40126 303 30760 12521 606 23677 60601 3166 E 4311
13 61699 40928 281 29713 12354 562 23881 63082 3140 E 12098
14 56066 40013 568 25976 12283 1136 23763 58022 4094 E 4284
15 63251 40986 370 32770 13965 740 26093 71103 3773 E 4236
16 68159 39510 1722 35574 20353 3444 26098 63737 7973 E 5030
17 73238 41955 275 31229 13371 550 26566 66581 3621 E 6050
18 61076 42132 421 31265 13200 842 26912 70206 4244 E 4313
19 62866 42000 336 111640 13338 672 26960 69690 3910 E 4790
20 58952 41780 425 25444 11919 850 28855 74920 4499 E 5359
21 60766 42023 418 31365 12470 836 29239 72883 4343 E 4417
22 62029 42633 323 27813 13004 646 29557 81129 4219 E 5745
23 63765 42987 293 30286 12337 586 30382 81963 4237 E 5682
24 61025 42963 382 29036 13174 764 31375 86782 4427 E 4441
25 58292 42333 465 28067 16899 930 42327 107892 4779 E 9003
26 88646 43727 597 27209 12803 1194 30386 86300 5058 E 4930
27 59451 42078 922 25425 12472 1844 31528 87392 6027 E 5726
28 60357 43785 479 27779 12359 958 33615 101900 5315 E 4425
29 63291 43033 619 29012 12808 1238 34391 103716 5798 E 4427
30 64780 43477 438 30888 12936 876 33734 97707 5420 E 4505
31 71397 43530 649 29235 13482 1298 42743 112998 6337 E 4922
32 64724 43738 708 31784 14482 1416 37578 116275 6583 E 5343
33 60582 43089 1181 27678 14108 2362 36659 106435 8068 E 4762
34 61771 43438 978 27636 13905 1956 37520 106305 7198 E 6164
35 68711 45316 308 29610 11825 616 35600 102444 4985 E 4505
36 70743 44781 340 30808 12550 680 37291 110585 5482 E 4612
37 72190 44232 484 29443 12759 968 38927 118198 5748 E 4491
38 65450 44512 414 31218 12639 828 36143 109259 5484 E 4632
39 68443 45222 329 33420 14066 658 38833 111398 5330 E 5928
40 61523 43787 517 30477 12841 1034 38457 104065 5854 E 4656
41 67753 44668 378 34020 14398 756 39834 113989 5695 E 6020
42 66944 45278 364 34260 13963 728 41564 126514 5941 E 4647
43 63600 43860 719 30542 13320 1438 37678 124618 6481 E 8446
44 65400 44294 625 25551 13207 1250 41256 119715 6635 E 6055
45 66028 46147 492 34284 12898 984 40655 128336 6280 E 4674
46 70029 46385 405 220564 13261 810 44771 140424 6420 E 4935
47 65508 46160 360 25287 12272 720 42717 130243 6166 E 4667
48 60825 45123 450 24772 12670 900 46844 134789 6435 E 4670
49 61154 45236 622 26572 12998 1244 42217 131630 6898 E 4791
50 70768 45456 353 28363 12899 706 44878 146357 6387 E 4777
51 65932 45211 542 30765 13283 1084 44356 136735 6609 E 4708
52 72145 46440 439 31268 12642 878 45859 146667 6664 E 6155
53 60204 45577 595 29047 12651 1190 44460 140025 7077 E 6360
54 62786 45613 703 32355 12914 1406 48100 158342 7663 E 4955
55 65820 45817 514 26287 12220 1028 48087 150283 7163 E 4614
56 63475 45811 665 27639 13864 1330 47236 143720 7400 E 4704
57 66919 46290 463 28284 12315 926 49322 157318 7014 E 6632
58 65013 46684 547 29173 12201 1094 46672 150521 7175 E 4674
59 70406 54591 849 29935 13432 1698 58838 143479 7861 E 6045
60 66247 46173 568 26121 12089 1136 48489 151016 7222 E 6143
61 59041 45878 677 24391 13012 1354 51281 155390 7739 E 4763
62 67160 45636 757 33960 13724 1514 52794 162704 8392 E 4995
63 67924 46279 752 30039 12826 1504 53245 156665 8350 E 5008
64 75604 45722 770 29571 13817 1540 54852 169388 8238 S 38098
63 70663 46990 392 42905 12850 784 64559 174885 7878 S 37894
62 65770 46301 707 33689 13250 1414 51332 155545 8139 S 36168
61 69009 46801 588 37377 14048 1176 57913 174026 7972 S 34977
60 68525 46763 571 31406 12782 1142 51370 153910 7852 S 34151
59 67764 47068 568 32230 12816 1136 50591 155066 7774 S 32525
58 70381 46577 529 30392 12665 1058 51086 161546 8185 S 31930
57 67209 46341 652 31850 13722 1304 45606 135479 7905 S 30874
56 63481 46716 1061 28202 14172 2122 47443 166570 9666 S 28863
55 65612 44923 504 29971 13241 1008 46789 144735 7869 S 28122
54 66162 46299 481 30002 12625 962 48085 153856 8416 S 43182
53 178114 80930 612 52436 21798 1224 85682 281355 8551 S 45864
52 117468 78730 541 53137 24911 1082 81150 294290 8394 S 52894
51 110307 76195 1051 46566 21282 2102 80964 236291 9925 S 40974
50 110164 78229 1015 48983 21720 2030 103974 244510 9662 S 41228
49 108264 78282 971 47319 23993 1942 79813 243232 9929 S 38412
48 96767 76658 1867 45783 23652 3734 78269 253781 12751 S 47504
47 110576 79044 1549 51618 24350 3098 76933 230897 11584 S 34791
46 98557 75235 1858 38084 21162 3716 71597 217998 12570 S 33793
45 103995 78218 642 46179 24740 1284 75465 227927 9192 S 31625
44 112868 79361 639 50468 22330 1278 72513 225388 9071 S 30554
43 113106 79741 576 44650 22218 1152 73291 227379 9365 S 29242
42 104802 77999 1163 48002 22168 2326 74157 233893 11752 S 27737
41 93392 77363 1840 37276 22044 3680 72170 222521 13770 S 19081
40 76258 55139 1023 34543 16244 2046 50950 157595 11174 S 18090
39 71262 55403 1472 31045 16447 2944 50153 153390 12383 S 17591
38 70694 55264 1795 29654 14671 3590 49379 153946 13382 S 16938
37 74884 56252 1319 34992 16973 2638 50108 161989 12994 S 15928
36 74772 55795 1469 31473 15949 2938 48996 160770 13521 S 14948
35 81740 55998 584 37553 16310 1168 45835 142826 10447 S 14423
34 73987 55308 723 31935 15187 1446 45250 143165 11405 S 13469
33 75069 54711 2096 32791 14421 4192 45325 134253 15529 S 12916
32 76467 55618 635 33796 16501 1270 42393 134806 11886 S 11987
31 82199 57581 482 36816 15581 964 62964 141743 12955 S 11704
30 81843 57273 702 36240 15999 1404 43178 138329 13423 S 10618
29 78558 56473 873 35242 15903 1746 41381 130780 14172 S 9680
28 82718 57723 607 39358 15141 1214 41924 137631 14323 S 9272
27 75246 55097 860 34545 15033 1720 41553 141160 16785 S 8719
26 73675 55700 894 33322 15325 1788 37594 124870 15283 S 8060
25 68913 68941 691 32769 15913 1382 38493 126196 15543 S 8680
24 84273 56310 608 35870 17267 1216 37274 121854 14980 S 7673
23 75183 55662 699 32358 17154 1398 37977 115360 16101 S 7065
22 80656 57169 615 34967 16509 1230 36414 117860 16337 S 6513
21 70329 55706 889 35944 19199 1778 35321 109533 17307 S 6345
20 76743 75640 891 39609 18363 1782 35013 110680 17609 S 5927
19 82460 55805 624 37568 16031 1248 36127 117518 18699 S 5142
18 75706 57161 691 466541 15403 1382 34384 102893 18118 S 4815
17 71574 54998 829 27005 14519 1658 34292 104282 21754 S 4166
16 75919 56847 644 29571 14952 1288 33064 97494 20924 S 3832
15 69144 54815 1379 25765 14737 2758 33435 99340 26658 S 3514
14 77396 57273 569 29390 14611 1138 31470 89473 22793 S 3047
13 70242 54907 1140 26255 14269 2280 29320 77098 23514 S 3160
12 76028 56654 923 31599 15354 1846 28757 84274 27597 S 2647
11 73658 55395 1299 30366 15320 2598 26633 75710 27358 S 2424
10 67580 55019 1371 24144 14309 2742 26479 70943 27728 S 2114
9 73162 56338 842 27532 14121 1684 25299 133144 27648 S 4135
8 120083 74948 522 42568 19834 1044 34864 100902 32099 S 4157
7 143874 77561 1631 41069 19550 3262 33480 76182 36496 S 2846
6 123406 75232 750 41053 19891 1500 36783 82515 33988 S 2759
5 108266 75269 686 63790 24306 1372 27415 69210 40014 S 2186
4 122213 82448 659 71847 29083 1318 37289 79600 42677 S 3313
3 158139 96844 475 71147 28400 950 35456 67842 51636 S 2065
2 120326 89387 876 56052 29860 1752 32642 48701 55746 S 1768
1 133761 91613 775 64084 26352 1550 29002 30014 69991 E 13255
2 125103 90199 699 60065 29136 1398 33100 48686 69309 E 10556
3 148617 93487 994 60183 25923 1988 35499 64360 70631 E 11301
4 123816 96905 892 59290 27444 1784 37651 68247 69916 E 10696
5 137841 96059 1219 67605 29112 2438 40963 77250 71805 E 11415
6 143690 95213 737 63516 27769 1474 41524 78701 70574 E 11240
7 134571 94564 1578 58588 28803 3156 43722 89205 71137 E 10946
8 146849 96078 1214 66516 26719 2428 43264 85600 72131 E 11411
9 139487 96330 1381 57885 22680 2762 32480 69475 71412 E 7905
10 111820 88459 1557 52120 20190 3114 33888 71766 70379 E 11901
11 105065 74967 1561 43760 20837 3122 34674 83516 72482 E 8599
12 151097 77161 1332 48118 20494 2664 50220 73278 72817 E 11055
13 83307 56995 2248 38424 14875 4496 29346 74775 74187 E 5098
14 83887 67406 1051 47143 14873 2102 29946 80603 71841 E 6257
15 85877 56636 1537 46896 15940 3074 28068 75810 73520 E 10226
16 111635 66030 931 50457 19696 1862 41859 122864 71344 E 10313
17 106443 79870 1324 49542 24849 2648 46249 131450 72494 E 8686
18 104209 69897 1418 55762 20309 2836 43377 113056 73488 E 8600
19 100536 69379 1411 41146 19369 2822 46749 129292 72341 E 8594
20 112919 71270 1385 50267 20145 2770 47410 126837 73802 E 8645
21 97662 68216 1923 42782 20432 3846 47854 132219 74498 E 9820
22 116842 71786 748 44859 20039 1496 49044 133752 70872 E 8767
23 104115 73772 1459 48828 22140 2918 52147 138038 74794 E 9815
24 118800 75030 1116 53795 20511 2232 51968 135943 72895 E 11942
25 122600 76114 501 67405 23025 1002 54071 147868 71535 E 9027
26 118673 77428 593 51414 21283 1186 58345 166420 71659 E 9223
27 113126 78497 758 52380 24210 1516 39517 102958 71287 E 6165
28 83251 50111 1052 30122 12575 2104 33359 94635 73174 E 4598
29 76173 49597 1122 36380 13197 2244 34983 100203 74660 E 4444
30 78063 50627 785 37073 14292 1570 35849 99211 72510 E 5921
31 68698 56139 923 32556 14441 1846 40167 94523 72400 E 6223
32 66473 49736 782 28609 12739 1564 35805 104074 73350 E 4867
33 70748 50186 1412 30233 13146 2824 36455 110461 74806 E 4544
34 74079 50612 756 34079 13441 1512 35895 102643 73779 E 4495
35 73767 50684 780 34059 12755 1560 36656 105040 74565 E 4640
36 71253 49633 931 35355 14571 1862 36987 103207 73056 E 5932
37 69249 49451 922 34336 15374 1844 38954 113320 73600 E 5958
38 69325 50472 965 32380 13289 1930 38426 108283 73105 E 4492
39 69226 49809 980 33660 13461 1960 38650 110356 73779 E 4491
40 67886 49853 1504 31499 13651 3008 38518 116104 77115 E 4505
41 72433 50781 862 34523 14011 1724 41163 120364 74793 E 4635
42 70779 49772 1450 30087 13699 2900 42053 133599 75375 E 4529
43 75615 50713 1086 31935 16292 2172 40358 123842 73124 E 6121
44 68040 50627 1129 30159 13885 2258 42004 134822 74879 E 6196
45 72568 50768 1199 33101 12883 2398 41523 129601 75181 E 4620
46 77159 49417 1172 33598 13630 2344 42443 130181 76338 E 4644
47 71041 50460 819 31646 13151 1638 45291 138630 73471 E 4609
48 69624 50367 1191 30707 14216 2382 41071 122974 75083 E 4648
49 72817 51321 1222 28512 13158 2444 41070 117616 74663 E 4778
50 70925 50555 835 33088 14506 1670 44814 131613 75002 E 6961
51 68977 50551 1116 30772 13188 2232 43510 126215 75289 E 4709
52 75110 51012 709 34112 13904 1418 54113 135827 73611 E 5136
53 72165 64489 1180 28288 13369 2360 40722 121046 74593 E 4779
54 65969 49569 1035 26125 13081 2070 46304 267434 75020 E 6681
55 90400 50828 852 32404 13666 1704 48719 162105 75222 E 5982
56 65057 58186 1276 28917 14223 2552 69439 174116 76377 E 8825
57 79787 51311 1277 30029 15071 2554 48724 151795 75812 E 6138
58 75753 50305 1164 30165 14082 2328 49561 168784 74244 E 9164
59 76201 50682 1097 33980 14532 2194 49961 162676 75889 E 6149
60 78385 50893 947 38229 17016 1894 67372 172098 74269 E 6187
61 78552 50453 896 32681 14567 1792 51844 152151 74311 E 4876
62 83188 50566 1143 41331 14646 2286 52165 153009 75315 E 6410
63 72563 49292 980 39656 19011 1960 62240 132966 75179 E 8755
64 88209 49981 934 32218 14170 1868 48951 148428 74114 S 37695
63 79808 50439 781 38149 14189 1562 54029 157839 73956 S 35974
62 69967 54813 1579 46255 15639 3158 52872 139967 77240 S 35978
61 85437 50644 1223 40917 12505 2446 51391 150679 76958 S 34986
60 74329 50069 1567 37229 14340 3134 52842 157615 76991 S 33389
59 76551 49589 1202 31847 14356 2404 51290 153324 75817 S 32177
58 69415 49911 1620 29940 14130 3240 51204 154420 77334 S 31411
57 76846 50859 1235 36391 14434 2470 48022 141276 75727 S 30321
56 76247 50880 1410 36512 14312 2820 49274 149092 76748 S 29580
55 73319 50172 1278 34940 15535 2556 56532 157019 76149 S 28832
54 82081 51299 1029 36457 13736 2058 48549 179450 74461 S 37888
53 104978 68584 1151 47661 17036 2302 64125 191608 76465 S 36437
52 107694 69435 1247 50259 18983 2494 64422 191869 75656 S 34980
51 102427 68371 986 48079 19590 1972 62241 187953 74221 S 34319
50 89625 68051 876 40864 18565 1752 60793 180585 75403 S 32909
49 91232 68682 1414 38825 18163 2828 62281 186622 78075 S 31263
48 96305 68503 1377 44106 18160 2754 59913 172809 76850 S 30154
47 90158 65958 1427 42236 19242 2854 63437 182262 78062 S 28609
46 88055 67480 2188 37912 19305 4376 58789 179760 80519 S 28019
45 92105 66755 1561 37441 17747 3122 57053 168140 74536 S 26664
44 92030 66454 1768 44193 19970 3536 59207 174104 81117 S 24899
43 95952 68608 1396 39904 18183 2792 58918 176187 79100 S 23697
42 92578 67343 1707 37776 17741 3414 59827 180859 77582 S 22796
41 102857 68924 1180 46183 17893 2360 56728 178836 76488 S 21617
40 101409 68168 1776 58517 27121 3552 84290 232703 79378 S 30259
39 127734 101736 1589 71481 20922 3178 63716 195159 79150 S 21741
38 97191 67502 1236 59368 20469 2472 65919 191265 78457 S 20886
37 93277 69079 2742 44197 21274 5484 67826 172647 82999 S 20777
36 108499 69975 1173 47603 21216 2346 60087 186778 78338 S 18642
35 97684 58897 1721 38553 13128 3442 42893 132573 81012 S 12441
34 77873 51099 1555 35557 15054 3110 38906 125273 79111 S 11696
33 75875 50962 2288 33922 14849 4576 37306 114688 81167 S 11097
32 73909 50043 2384 34811 14377 4768 37499 115022 81956 S 10324
31 77398 50893 2657 30362 15383 5314 37512 117617 83244 S 9801
30 78137 50645 2111 37765 13810 4222 56850 116517 82924 S 9397
29 70777 50541 1633 33297 29133 3266 36835 118184 83742 S 8524
28 93209 51398 1518 44753 14721 3036 36505 114621 81122 S 8779
27 89927 49914 1697 33720 15580 3394 34705 109219 82522 S 7829
26 72694 50721 1342 32355 13898 2684 33646 105479 81415 S 6999
25 65261 48961 2600 29017 14351 5200 33143 104439 86124 S 6476
24 68985 49386 1410 30405 13373 2820 30169 93264 80274 S 6099
23 72321 50275 1143 35299 14702 2286 30932 100914 84349 S 5846
22 65977 48466 1058 33038 13001 2116 31660 109423 85009 S 5626
21 71676 50331 1067 32723 13531 2134 30467 101728 85891 S 5040
20 84196 50043 1750 32737 16138 3500 29797 91369 86167 S 4666
19 83401 79201 1679 46799 15356 3358 29943 98039 87826 S 4572
18 70996 51293 856 34581 14311 1712 61918 132953 87016 S 6717
17 87149 59666 1259 42265 19667 2518 44057 141535 89114 S 6608
16 100220 68128 1325 46528 23612 2650 41874 123363 92011 S 5434
15 99668 71708 2668 43264 21142 5336 40220 122753 95451 S 5387
14 92911 53785 1243 37496 13485 2486 26718 91805 93324 S 3348
13 77658 51036 1393 39333 15143 2786 26157 86284 95746 S 2672
12 89142 52238 965 43208 14041 1930 24957 85646 96604 S 2407
11 79030 55726 933 46207 14888 1866 26402 76803 94496 S 2749
10 81123 53426 1294 38434 16337 2588 24954 77161 100628 S 1892
9 81438 58718 1204 42133 15970 2408 23410 72686 99727 S 2339
8 84969 52027 581 38604 13174 1162 21935 57301 96546 S 1728
7 73276 50755 1124 35012 14059 2248 20166 52488 100334 S 1311
6 80437 68503 1058 40225 15149 2116 20521 53056 103679 S 1357
5 82986 51887 1025 40703 15127 2050 18895 39171 100161 S 1014
4 81885 52239 1074 39998 15612 2148 54847 83476 102823 S 3703
3 214286 154404 1607 92978 54700 3214 57331 71803 119128 S 4645
2 194882 159066 2275 78808 43723 4550 35380 56445 127834 S 3568
1 215426 152811 1400 108001 51415 2800 43045 41658 139064 E 28147
2 205574 153879 1118 87903 37027 2236 34688 44468 137098 E 11780
3 172843 119026 1787 72498 34290 3574 38638 58466 140525 E 9900
4 203281 140578 1136 91321 52478 2272 53683 72828 138872 E 19775
5 225364 136963 859 92931 55528 1718 61408 81976 138322 E 18468
6 165494 119338 1348 80996 57550 2696 46066 96178 138056 E 20345
7 219956 138834 1565 81153 38865 3130 47448 81748 140312 E 12422
8 159479 130453 2363 71563 36618 4726 49885 121491 142572 E 16213
9 174216 120799 1565 79923 40653 3130 52417 112144 140492 E 11482
10 240410 142288 1978 86588 35803 3956 51403 113211 140081 E 12485
11 182496 120321 1505 87463 37020 3010 50798 123019 139719 E 10182
12 170194 120283 1396 76496 34093 2792 53628 122971 138410 E 10160
13 158689 119181 1448 81731 37803 2896 54746 121879 141199 E 10212
14 169112 124045 1385 88701 36365 2770 54248 136119 140536 E 13005
15 182731 118951 1741 87993 39605 3482 58888 134371 143559 E 10088
16 176836 120561 1301 1258359 15481 2602 27672 59753 140470 E 6350
17 92087 51268 1295 23237 12901 2590 25843 62106 139797 E 4409
18 85750 50487 2170 24562 13639 4340 26801 59879 142459 E 4377
19 83779 51611 1694 23060 13971 3388 28971 68986 142009 E 4516
20 78075 51996 1814 23096 14656 3628 28399 70724 141783 E 4716
21 77660 50248 1367 24776 14715 2734 28310 68607 141361 E 4260
22 79876 51565 1101 24165 13716 2202 29123 73378 141695 E 4510
23 74158 50912 1812 24722 13414 3624 30464 76345 143675 E 4383
24 68873 49934 1599 23440 15944 3198 29941 73655 140340 E 4658
25 77996 51169 2528 27224 13409 5056 30987 90940 145212 E 6118
26 77597 51422 3073 34658 12689 6146 39782 72694 146470 E 5147
27 66358 49268 3449 22690 12545 6898 30707 75193 150510 E 4337
28 70242 49011 5538 25313 12660 11076 31617 80947 152125 E 4908
29 79562 51402 2029 34662 13596 4058 32990 84526 144828 E 4683
30 79697 51652 1351 40138 12642 2702 33669 87477 140966 E 4517
31 75232 52586 2365 28373 13115 4730 34176 90408 145780 E 4573
32 79225 59870 1300 34162 13390 2600 35902 88078 142103 E 5572
33 76245 52051 1952 29433 12811 3904 36340 89846 145304 E 4470
34 80329 52138 1484 34485 13048 2968 38085 101795 142744 E 4748
35 76244 51103 2157 28979 12670 4314 36657 92292 147497 E 4573
36 72461 51488 1985 28305 13028 3970 36238 89961 140671 E 4581
37 74935 50989 2131 30000 13561 4262 37400 101781 143911 E 4634
38 73474 51296 1770 29968 13182 3540 38270 97595 144292 E 4522
39 75234 51479 2093 57858 13532 4186 38680 94817 145911 E 5836
40 72548 50978 1282 44179 11922 2564 37366 89913 138419 E 4605
41 85711 51398 1537 30169 12974 3074 40335 106686 141622 E 4908
42 69563 51649 1251 28024 12678 2502 40917 120774 141949 E 4500
43 73115 50853 1512 32338 12580 3024 40307 101593 140522 E 4762
44 66835 64709 2723 30863 13642 5446 40281 106000 147072 E 4827
45 86087 49976 1573 28095 11994 3146 42258 124769 141847 E 14023
46 78297 51961 1865 32703 13472 3730 44561 108483 145187 E 5266
47 74709 51797 2091 29164 12656 4182 43343 141229 146347 E 4679
48 75525 52100 1447 31939 13187 2894 46122 133770 141894 E 4558
49 74479 50637 1961 30786 12688 3922 44189 120344 145146 E 4466
50 67782 50911 1335 27695 13043 2670 43177 117433 143683 E 4562
51 124342 53031 2017 28317 13040 4034 64566 131444 146030 E 5713
52 76014 56273 1854 29058 14478 3708 53567 140173 143875 E 5175
53 81890 56728 1281 32961 14564 2562 51328 134635 142430 E 5131
54 74707 56154 1743 32408 14539 3486 51309 135836 145168 E 5100
55 85360 57477 2084 34111 13816 4168 51327 142149 145365 E 5259
56 73202 56767 1324 31768 16298 2648 50984 136662 142343 E 5124
57 77870 57587 1129 33307 13724 2258 52133 138474 144521 E 5111
58 72293 54614 1745 28353 13948 3490 48446 117991 145598 E 5058
59 78132 57523 1355 32189 14310 2710 56059 152915 143178 E 5136
60 73369 56308 1890 27856 14277 3780 54803 147530 146656 E 6631
61 68439 55245 2561 31704 14995 5122 55074 141870 147804 E 5283
62 71189 55531 3075 26378 14049 6150 56884 148467 148909 E 5184
63 72296 56076 3547 28329 14161 7094 56702 144367 149163 E 5151
64 75517 57401 1424 31541 14939 2848 57821 155345 144023 S 43023
63 73423 55603 1717 30594 14460 3434 58153 146522 144553 S 40762
62 77510 56949 1504 34134 15174 3008 56099 143776 142500 S 39473
61 75219 56389 1497 32769 15812 2994 57019 150731 142087 S 37951
60 86923 56882 2570 40336 15494 5140 54303 142104 149022 S 36642
59 73236 57224 1193 28800 15432 2386 53183 138714 142871 S 36260
58 74944 57598 1177 32335 15643 2354 55730 147422 145100 S 64718
57 90871 74496 1488 37739 21740 2976 82712 219460 143959 S 36424
56 78163 56798 2003 30279 15597 4006 53707 159741 145967 S 37663
55 72122 56639 2247 29389 16069 4494 52853 129786 147795 S 33183
54 74736 56683 1465 31571 14992 2930 50362 126901 143039 S 31733
53 70134 61328 2059 34107 20067 4118 67123 171296 143513 S 43200
52 105001 75888 1491 46602 23303 2982 87547 187230 144784 S 42519
51 101055 72752 1438 42000 21373 2876 81684 196342 141787 S 40497
50 111699 72073 2440 46182 20511 4880 75506 221331 148992 S 37424
49 100684 70763 1578 42547 19450 3156 82166 160731 144895 S 32731
48 96883 64198 1713 42940 19323 3426 70262 162163 146128 S 31489
47 104286 66171 1181 44780 18818 2362 66267 168159 143178 S 29997
46 104823 66269 1618 43156 18334 3236 67584 172634 145872 S 29810
45 95137 65352 1995 41293 17915 3990 64166 165682 148776 S 28330
44 92635 65534 1363 38240 19107 2726 61135 158811 145757 S 27015
43 88641 64777 1536 35854 18355 3072 63290 163383 147044 S 26034
42 103499 66781 1549 45085 18395 3098 62412 178259 145877 S 24927
41 96650 75942 1184 39853 33243 2368 58864 154960 145312 S 22834
40 92648 64128 1277 69564 19588 2554 59709 156820 145209 S 22645
39 89913 65651 2003 43184 21036 4006 61735 179166 145752 S 20589
38 86899 64048 1676 38327 34681 3352 59984 156616 146155 S 19845
37 92130 66231 1664 38579 18442 3328 56049 159195 145367 S 18804
36 105576 53699 1732 34191 15056 3464 38193 103790 145693 S 13268
35 73743 50837 1774 33285 13102 3548 37437 102007 147366 S 12619
34 70493 52513 1387 29439 13387 2774 38397 111463 145041 S 11684
33 74762 52427 1301 35852 13984 2602 38488 108921 144513 S 10987
32 158904 84844 1969 40609 20444 3938 62385 154446 146082 S 15970
31 145592 102951 2409 50756 26914 4818 69647 192594 150009 S 19458
30 120099 98265 2112 45872 28431 4224 67312 186662 148097 S 17991
29 142817 102718 915 58034 26578 1830 69302 195844 145625 S 16607
28 135901 101805 1289 52921 25729 2578 69176 192915 147961 S 15958
27 137850 101868 1370 56518 28801 2740 67914 193510 145979 S 15349
26 135661 103454 1667 54453 28615 3334 66838 219128 147201 S 14567
25 155321 120339 1896 60420 26193 3792 63554 177448 151514 S 14438
24 137819 101257 1183 52175 27471 2366 62236 219492 152156 S 13276
23 147373 101741 1303 58907 25934 2606 62091 182363 150753 S 11334
22 136426 102601 1186 58625 26613 2372 58396 165870 148947 S 10298
21 133825 102131 1536 53254 28620 3072 56145 155452 150090 S 11209
20 137417 99954 2229 49014 25403 4458 51301 143414 151418 S 9836
19 141123 102094 2515 70923 27696 5030 54827 155715 153632 S 8500
18 137470 104561 1859 55656 28309 3718 54047 159385 154962 S 7838
17 126668 100578 2408 48874 29336 4816 52759 156395 154530 S 7036
16 123290 99114 2208 51338 29282 4416 50241 140848 153203 S 6200
15 127154 102265 2146 46656 27307 4292 49349 135832 154896 S 6325
14 124792 99934 2314 48265 26653 4628 51041 138929 159577 S 5427
13 134241 101065 1925 47054 24123 3850 47569 127013 158061 S 4929
12 125286 100414 2573 50975 26868 5146 47658 124920 160136 S 4200
11 176825 67729 3388 34238 18682 6776 33768 82611 160188 S 3846
10 92937 70821 2530 45111 19577 5060 40501 82793 162987 S 3468
9 218826 158951 2048 88386 39293 4096 78633 140246 163720 S 5882
8 185876 142574 3605 85611 35212 7210 68788 144108 166445 S 11038
7 178853 122040 2833 61228 31333 5666 48726 120788 168435 S 4557
6 161674 122661 2180 68596 34070 4360 45513 131683 167786 S 5612
5 180753 121711 2830 69961 32295 5660 43290 95978 172022 S 2792
4 181034 124121 1033 77878 30460 2066 38903 87303 171032 S 2360
3 176459 123326 1495 71338 32585 2990 59025 75440 169950 S 4415
2 192783 126206 1619 84606 32196 3238 37470 54438 191622 S 1960
1 152728 140319 1689 62403 44701 3378 46601 33187 212136 E 20245
2 178059 124996 1859 78995 34328 3718 34702 47183 209293 E 11363
3 167564 145953 1892 65343 32710 3784 55188 64338 209771 E 12535
4 167282 120415 1316 61328 33016 2632 40378 64343 206970 E 9830
5 188751 125528 1934 66610 43784 3868 26992 49059 208455 E 6154
6 107008 73638 1227 45074 18717 2454 27310 51276 204006 E 5948
7 101422 73682 1266 43061 18845 2532 28503 57725 210169 E 7740
8 105171 74562 1368 45156 19206 2736 30803 66239 211995 E 7990
9 106386 74546 2274 46011 20034 4548 31520 66851 210726 E 5954
10 106191 73411 2021 43877 18367 4042 31837 87233 215134 E 11519
11 108559 74819 2683 59000 24215 5366 32234 73590 213322 E 6685
12 118905 73944 2081 50656 20448 4162 33269 75149 211144 E 6351
13 108122 73090 1887 39482 19706 3774 33752 85094 212171 E 11164
14 111831 74156 1836 55808 18580 3672 33596 76744 212904 E 6726
15 106499 74333 1010 48828 19216 2020 44293 93456 210001 E 6214
16 111888 74567 1212 45892 20546 2424 36689 95600 209476 E 6048
17 102857 73936 1453 50238 20279 2906 36679 95106 210957 E 6097
18 97120 74461 1239 45347 19768 2478 38607 98854 207932 E 6042
19 90252 70718 2126 37783 21691 4252 37635 88367 211380 E 7923
20 100296 73636 2600 42421 19592 5200 41539 106321 214158 E 6166
21 105567 75215 1868 45912 20458 3736 41546 105054 213672 E 8053
22 96329 72815 2098 40056 20374 4196 41955 100849 213187 E 6079
23 97927 74233 1965 39641 19646 3930 42828 109837 214335 E 6259
24 106982 74768 1597 44750 19347 3194 46512 118922 211726 E 6517
25 93887 73954 1925 35505 19217 3850 45548 165117 212685 E 13171
26 126343 97808 996 65139 27447 1992 65257 158261 209276 E 12278
27 127641 97296 1901 56386 28098 3802 66409 159800 208544 E 12791
28 135275 101787 1132 53048 28551 2264 71163 160035 209417 E 17414
29 127778 98484 1923 52115 28492 3846 71459 183508 212533 E 12885
30 130228 98795 2715 52517 27731 5430 71698 180228 215509 E 12656
31 147343 101006 2042 62181 31575 4084 70584 169476 212320 E 13645
32 108795 85103 2967 59969 32612 5934 49398 150329 215595 E 9678
33 113574 91988 2778 47139 21251 5556 51831 147570 216835 E 12101
34 127257 75622 1661 47119 19564 3322 58942 161451 212406 E 8206
35 94324 70205 1842 32509 18290 3684 50298 138042 213057 E 6340
36 104561 72551 2187 44244 19571 4374 52831 167341 214413 E 15892
37 97193 72180 2787 41059 20590 5574 53219 147876 212732 E 6877
38 97793 52212 3065 33160 13244 6130 39022 103919 214807 E 5815
39 90518 54449 4252 34008 13264 8504 40269 111757 222054 E 8599
40 70719 49466 5008 29061 12961 10016 40582 115083 221805 E 5196
41 90313 52536 2117 36940 14432 4234 41039 137191 215637 E 5103
42 87201 53190 2353 48669 14105 4706 43392 114453 213713 E 4767
43 85698 52883 1409 39145 13650 2818 43068 114415 212803 E 4592
44 83558 52361 2513 38503 14842 5026 41080 107645 216332 E 6260
45 85858 68504 1738 37692 13805 3476 45857 120623 213923 E 5714
46 90176 53089 1373 39328 13722 2746 43995 119543 211793 E 4677
47 87738 52280 1417 37970 13666 2834 45920 122697 213713 E 4668
48 88882 53968 1651 39226 13950 3302 44859 120342 212085 E 4834
49 87757 53032 2237 38191 13797 4474 45192 121501 214519 E 4813
50 84253 53264 2235 40478 14328 4470 46414 122433 214687 E 4915
51 88879 54023 2057 36857 13890 4114 47673 124615 211151 E 4759
52 81401 53855 2717 37905 14936 5434 55551 127886 215834 E 6750
53 86581 53833 1647 39791 13504 3294 50077 129882 213315 E 4770
54 81190 52319 1719 39040 14689 3438 46521 126524 211237 E 6317
55 85311 53523 1581 42336 14398 3162 48930 126745 214803 E 4751
56 88229 53470 1432 42476 14976 2864 48416 136392 212996 E 4818
57 81085 52716 1720 33924 14362 3440 50487 136620 215250 E 6350
58 79342 53825 1531 32654 13518 3062 47522 136406 212601 E 4762
59 79326 53195 2109 38040 15037 4218 51343 156478 214310 E 4809
60 86150 54404 1638 42039 14763 3276 52213 148576 211834 E 4933
61 80871 52803 1616 36545 14298 3232 51749 152096 214623 E 4896
62 78217 52576 1668 39610 15589 3336 51462 201166 215520 E 9497
63 115896 71858 1988 60240 27527 3976 109904 284158 218172 E 11714
64 137486 95313 1861 61591 29855 3722 111021 309595 214019 S 79263
63 125817 90441 3456 59155 27643 6912 100101 230385 217820 S 50099
62 105148 69359 3841 47069 19060 7682 69972 181763 221358 S 49082
61 102036 71862 2907 43120 21214 5814 70989 198261 219452 S 61079
60 137769 97148 2872 61545 29468 5744 103117 335008 220064 S 70693
59 167927 92071 2362 61134 25762 4724 85378 239084 216768 S 56870
58 131841 88613 2515 55892 23307 5030 83668 242257 216735 S 54398
57 122357 87826 1942 45254 22228 3884 80311 235971 216086 S 52053
56 127298 88691 1764 56903 23848 3528 84510 236326 218022 S 51480
55 125648 88070 1991 47636 24356 3982 88698 266411 216229 S 50017
54 167041 91370 2197 57631 23180 4394 87872 299791 213925 S 69961
53 159967 119858 3313 64875 32979 6626 125642 351033 219711 S 67454
52 176849 116944 2109 75397 33984 4218 122164 322878 215765 S 64797
51 186373 118871 2145 82597 36244 4290 119242 349447 219353 S 65602
50 168982 120637 2308 66787 44652 4616 114241 348814 215651 S 60399
49 176458 122815 2098 69064 37508 4196 123161 340135 215834 S 61187
48 191628 126178 2370 67339 31791 4740 99062 234019 218842 S 38121
47 145130 99297 2145 63916 23336 4290 84252 223974 218755 S 36233
46 139814 87494 2153 63765 27851 4306 79630 220760 218382 S 30368
45 123617 77153 1712 49087 19387 3424 131867 197884 216151 S 32621
44 108650 69203 2625 45655 21301 5250 67379 186177 219175 S 29405
43 118442 66289 1934 55811 18456 3868 65672 177828 216472 S 28729
42 109855 71099 2452 46338 27266 4904 62206 164319 217260 S 25772
41 130584 74368 2992 52220 21345 5984 66998 176539 218188 S 25185
40 119785 80354 2585 50461 20604 5170 68208 190418 218740 S 24313
39 111998 69731 2506 44158 20040 5012 64217 179311 220816 S 22732
38 116136 74163 2942 45911 20877 5884 81192 175299 221895 S 21472
37 129085 68931 2720 48990 21975 5440 64439 165719 218739 S 20131
36 120432 69403 2986 57604 21118 5972 63179 173460 222657 S 19360
35 109264 64941 2865 47402 18500 5730 58962 166678 222058 S 17213
34 114207 65726 2092 55299 20035 4184 55470 156641 217212 S 16648
33 122383 67755 1846 52083 18175 3692 55921 155678 219605 S 15456
32 112740 65188 3142 46853 18019 6284 54682 150587 222640 S 14918
31 114827 67394 2404 53308 22400 4808 56108 137900 220312 S 10572
30 75608 51379 8169 28351 14118 16338 37555 119155 235915 S 9343
29 75910 51372 8876 30528 13823 17752 37102 109717 239570 S 8644
28 76744 51714 6880 28312 18162 13760 36264 107846 230280 S 7916
27 78546 58190 8999 33472 14174 17998 36079 113275 241731 S 11792
26 78154 57757 9730 41093 18168 19460 49735 146157 244004 S 11405
25 122043 68448 3405 49451 18951 6810 47262 138575 228778 S 9739
24 115274 67412 2404 49495 20954 4808 44750 123638 222857 S 8966
23 115251 66896 1827 58797 21105 3654 45665 130432 221290 S 8372
22 103584 65407 2922 48245 20335 5844 43137 129817 226197 S 7752
21 119360 67298 1555 53782 18845 3110 42834 122272 220099 S 7231
20 113589 68723 1487 62981 19285 2974 39396 98946 224491 S 5305
19 83539 52537 3210 38187 15640 6420 29428 90416 229441 S 4299
18 90643 54071 1538 44601 14963 3076 30528 86764 222796 S 3865
17 73453 51733 1957 32547 14780 3914 28834 78316 223963 S 3674
16 79474 52666 2771 40205 16488 5542 27295 76709 228681 S 3353
15 85714 54040 2046 39429 14979 4092 27450 73562 223956 S 3042
14 80612 53078 2846 35067 14793 5692 25733 74744 233206 S 2851
13 83487 53025 1957 37522 14993 3914 25468 71127 229038 S 2646
12 78421 53240 3272 39001 15387 6544 24572 71276 233824 S 2273
11 76070 53240 1972 35738 16570 3944 23420 65944 231937 S 2033
10 80783 53531 1730 39653 19524 3460 32859 81431 227016 S 3521
9 110456 74477 1450 52956 22428 2900 32351 77767 232995 S 3175
8 119359 73673 2030 49718 23942 4060 29999 82015 231976 S 3251
7 107318 80020 2198 52499 21128 4396 35647 67252 233611 S 2624
6 114300 73999 1727 47154 21440 3454 28252 62535 230892 S 2606
5 96788 63721 2831 53625 15977 5662 18300 39165 233693 S 1616
4 84869 56720 3361 41375 16238 6722 17582 32533 240595 S 1233
3 82144 53126 2953 37168 15259 5906 15924 27565 242873 S 812
2 78605 52344 3259 36017 14990 6518 15092 24045 268995 S 796
1 82658 53036 2321 37629 14540 4642 12542 20629 280776 E 9315
2 83408 52301 1754 40974 16459 3508 15204 22424 279804 E 4387
3 83471 53794 1886 37498 15003 3772 17127 31461 282709 E 7997
4 88229 53780 1862 41230 15061 3724 17236 29762 278715 E 4284
5 85627 53690 1945 38484 16037 3890 21766 31079 279165 E 4517
6 100840 69996 1582 47482 21837 3164 27095 44433 281434 E 5706
7 102876 63735 1976 42964 15894 3952 21766 45343 278536 E 5501
8 85826 63010 2569 56437 24848 5138 39374 55102 281242 E 9100
9 89027 67032 2542 35326 15454 5084 20598 45896 281260 E 5588
10 91063 67328 2790 40070 15013 5580 31010 51640 282367 E 5676
11 108989 64288 2362 43602 14892 4724 23648 54316 284365 E 5130
12 91650 54904 1911 42874 15431 3822 23166 52898 280662 E 4799
13 82295 53078 2139 38188 15651 4278 24013 55073 287186 E 5827
14 79370 52596 1890 47787 18793 3780 25741 59191 282137 E 5689
15 90103 53883 2562 40030 15003 5124 25985 63220 284893 E 4551
16 96059 54663 1497 46151 14782 2994 25589 63839 280930 E 4323
17 89071 54992 1377 41338 14706 2754 26159 65053 278384 E 4559
18 87821 54105 1882 41031 15323 3764 27388 67843 279029 E 4420
19 80088 52931 2052 36254 15501 4104 27278 65246 280780 E 4468
20 74830 52208 2650 31267 15263 5300 28629 72969 284321 E 5923
21 84949 53981 1572 36732 15231 3144 28848 83150 283634 E 6577
22 87447 53494 2687 39300 16032 5374 28768 74157 287957 E 4581
23 78181 53399 2046 39839 18761 4092 39212 96458 278360 E 12824
24 101000 67060 2319 43071 18817 4638 44897 104955 283594 E 7826
25 100553 65069 2863 42733 20605 5726 41825 97320 283218 E 7424
26 95085 72171 2497 40921 20294 4994 44331 110685 282015 E 18640
27 115947 68251 2610 56094 20353 5220 49285 112748 287011 E 10383
28 97343 64814 2007 41256 19002 4014 45764 113906 285309 E 7558
29 112661 68132 1175 49146 19252 2350 36656 115125 280793 E 10047
30 104841 79205 2460 38380 14311 4920 35598 102202 284171 E 5723
31 83808 54241 2699 42004 14926 5398 34454 100684 284526 E 7808
32 641559 73577 2369 49190 20748 4738 41041 134229 283886 E 8843
33 113472 75927 1580 56337 19250 3160 53087 145379 281282 E 8883
34 113726 70918 1908 48997 21100 3816 51671 144469 280364 E 8875
35 121205 77679 1672 63401 20646 3344 55998 135815 285511 E 8292
36 116805 66022 1561 47922 21249 3122 54338 129996 282211 E 12534
37 113818 81084 1836 53026 19708 3672 37823 110520 281187 E 8762
38 88404 62480 1694 49742 24133 3388 42641 124591 283219 E 6195
39 96118 66553 1939 43052 20945 3878 72556 153456 281907 E 9335
40 123285 68962 2424 49425 14562 4848 53860 159978 281426 E 9235
41 113640 70173 2002 40036 15409 4004 40262 117573 286009 E 8897
42 95241 70328 1724 53609 22805 3448 57893 171035 284215 E 9911
43 129703 74141 1723 60962 23989 3446 65704 181704 285466 E 9456
44 117133 71278 3745 54440 28901 7490 59637 144481 286776 E 9246
45 97702 54606 2621 43456 16251 5242 43070 122740 283986 E 8450
46 80823 52774 4146 34310 15492 8292 44412 129015 293757 E 4718
47 88251 52804 4555 38077 14725 9110 54969 138298 288930 E 5987
48 83128 53088 4559 64118 15691 9118 44520 122628 288779 E 7422
49 78185 52466 5164 32870 16301 10328 42903 115465 293187 E 5085
50 76972 51529 6295 31766 15417 12590 44485 143345 297147 E 6046
51 98375 55157 2159 46915 15543 4318 48324 122421 282385 E 5992
52 92635 54723 2264 43120 15950 4528 42411 114156 288270 E 7129
53 89198 53254 2464 41406 14633 4928 44942 127360 285772 E 4722
54 88121 54733 1772 41715 14400 3544 45819 134652 283349 E 4704
55 85905 53217 2464 41366 16067 4928 45793 133771 286796 E 4775
56 79018 53819 2395 33591 16200 4790 44711 122169 284482 E 6362
57 90916 53715 2515 39565 16120 5030 46505 131297 285724 E 6253
58 92617 54373 1855 42685 14104 3710 47901 148977 283966 E 8534
59 86229 54716 2921 36809 14282 5842 48683 147916 289296 E 4772
60 82438 53487 2497 39340 16127 4994 54874 160588 284650 E 4694
61 82340 53819 2266 41074 15382 4532 50296 145607 285070 E 4704
62 81069 53973 3086 46141 15117 6172 48149 147814 286277 E 4860
63 82739 54183 1803 40232 21526 3606 56050 151863 282552 E 8977
64 89476 54377 1744 43161 14782 3488 53813 164681 286695 S 39186
63 83604 53765 3143 37948 16290 6286 48503 141147 287624 S 37242
62 87771 54291 2875 43045 15031 5750 51280 147501 288228 S 36036
61 80883 54643 2456 33154 14760 4912 52339 153847 285253 S 35215
60 90079 102167 2495 57410 24440 4990 83907 236993 284620 S 56192
59 116288 82841 2650 50166 24343 5300 88333 245927 288291 S 54809
58 128430 81677 3263 54211 25729 6526 81746 230147 284097 S 52752
57 110482 80433 3140 46379 23354 6280 86649 240592 287279 S 52581
56 122449 81650 3394 50575 25325 6788 97330 260614 292218 S 43913
55 91393 60160 3826 38119 17215 7652 56812 162985 291489 S 33203
54 89332 60117 3519 38828 51194 7038 55289 185393 291967 S 41605
53 121012 79358 1597 52247 22080 3194 68969 198439 284564 S 39524
52 115572 80087 1905 50752 22755 3810 72336 217530 285615 S 38672
51 108648 78793 2644 47262 22682 5288 66625 191341 285902 S 36774
50 108843 78744 2450 45833 22544 4900 67665 198737 287458 S 35687
49 117300 78715 1898 54866 22626 3796 63956 187629 283235 S 33992
48 109584 78986 1961 46434 22481 3922 65179 197919 281252 S 32144
47 105771 79631 2165 63389 22194 4330 67080 194019 284265 S 46794
46 150417 89622 1590 49722 21518 3180 67359 194105 287964 S 30250
45 113947 80634 1904 53360 22105 3808 65867 189472 285345 S 28979
44 106387 78259 1764 51249 22242 3528 64133 177713 286493 S 37640
43 127899 88548 2072 50667 22504 4144 62823 185698 289934 S 25835
42 114299 79393 1969 49574 22688 3938 62932 187138 285032 S 24834
41 116607 80261 1755 52814 23220 3510 62810 193317 284923 S 24141
40 108715 115733 2456 65526 22409 4912 64813 186788 285028 S 23547
39 105814 77635 3880 47421 25231 7760 56654 171583 294337 S 22260
38 105929 79205 1893 55564 23563 3786 58054 181283 289590 S 20946
37 114875 79364 2312 47447 22180 4624 54631 165763 287451 S 19962
36 107324 79802 2175 46227 21675 4350 57223 176428 288555 S 18790
35 99442 78263 3451 38880 21787 6902 55647 164853 291583 S 17699
34 108859 78984 2055 50487 21705 4110 53628 172825 291940 S 17017
33 107624 79769 2681 45922 21353 5362 54343 187688 288739 S 18074
32 104576 75252 4100 40694 20384 8200 49326 134644 286807 S 12343
31 89031 64044 2012 38574 17290 4024 42185 126267 287964 S 11518
30 90607 64434 2228 39189 18400 4456 42256 125862 291203 S 10582
29 89238 63321 1684 41613 17828 3368 41712 122720 285968 S 9776
28 88094 64451 1974 40158 18716 3948 41361 121654 288763 S 9872
27 85819 62624 2034 37274 19995 4068 39671 117642 285404 S 9227
26 77218 60317 2424 36442 20840 4848 39449 118557 292312 S 8410
25 90256 64145 2719 40595 19095 5438 40240 121152 295003 S 8037
24 81395 63127 3461 36205 19671 6922 37706 113263 296905 S 7446
23 85747 62738 3196 36312 18598 6392 38551 117916 297331 S 6603
22 95574 67675 3471 55445 42558 6942 53385 156258 302605 S 9520
21 103113 84685 5383 47616 25503 10766 67360 147921 302962 S 9632
20 120083 87490 4536 50445 28135 9072 52362 153842 313854 S 9104
19 133250 91684 2392 53758 35046 4784 47272 140734 295911 S 8828
18 132146 91763 1981 76743 27719 3962 47387 130471 293960 S 7932
17 129629 88062 3435 57157 24093 6870 43409 124096 297406 S 6799
16 120352 86170 1701 60817 28264 3402 46879 128943 295987 S 6258
15 127733 80808 2394 62667 25531 4788 49136 147714 298524 S 5678
14 133203 82025 2400 57559 26755 4800 45738 121442 301904 S 4898
13 126502 79153 1953 58040 24307 3906 41407 112361 296839 S 4406
12 125154 79619 1656 55022 24082 3312 40760 115065 299394 S 3912
11 131989 81042 1489 68972 24996 2978 39561 109957 302104 S 3516
10 124031 80098 2158 56557 25050 4316 38337 107509 304267 S 3424
9 125044 80788 2001 54575 23238 4002 36254 96476 301883 S 2823
8 123302 80083 2325 60788 26516 4650 35504 86285 302193 S 2627
7 123358 79417 2114 52797 23019 4228 33855 82098 308637 S 2370
6 110343 76853 3612 48603 24086 7224 32435 113237 311954 S 3147
5 120856 77414 4350 61919 27224 8700 30330 66618 317855 S 2366
4 111667 78465 2965 49809 23799 5930 28761 55700 316598 S 1585
3 136293 80292 1911 61670 22545 3822 26570 43392 313252 S 1778
2 117567 78965 3298 54568 24439 6596 25075 37746 327842 S 1335
1 117910 80834 2961 49757 23903 5922 22158 23214 349724 E 11667
2 104798 76356 3389 51417 27042 6778 25046 39210 348811 E 8200
3 114520 79309 2098 53814 23713 4196 26985 49730 348162 E 19456
4 124372 79009 2835 55573 22343 5670 28141 51726 348413 E 8649
5 126535 77620 2597 52109 23622 5194 30397 60396 356818 E 8229
6 111895 77531 2549 55830 25529 5098 30650 58550 350223 E 8396
7 108162 147523 3112 90777 37282 6224 51829 93250 355209 E 13938
8 188390 124635 2093 78880 39004 4186 47730 91957 348271 E 17384
9 202236 125555 3029 82461 39733 6058 52833 123857 351773 E 15072
10 182521 95048 2836 69143 26495 5672 37212 88040 353783 E 9698
11 148909 90108 2641 58029 30461 5282 37456 92557 353069 E 13347
12 125382 88206 2911 53780 28390 5822 39131 88395 359975 E 7210
13 118410 89737 3335 50716 26497 6670 39162 95181 359569 E 7115
14 126053 91662 2819 50575 26297 5638 40206 123561 353919 E 7542
15 138388 91597 2417 59593 26234 4834 49279 117603 352575 E 7607
16 130136 90463 3303 59842 28315 6606 42891 120789 352405 E 7714
17 148517 111612 3298 67953 25415 6596 44067 133827 353661 E 27930
18 214693 146365 2799 99425 42620 5598 79859 218162 350804 E 17242
19 203519 150163 3957 83594 41195 7914 77695 208833 359275 E 25818
20 211761 143521 2958 90287 41765 5916 86716 259331 348803 E 15838
21 181155 67304 2904 53344 20971 5808 40388 104822 353115 E 8752
22 111118 68294 3499 49641 23445 6998 41613 108958 357972 E 8243
23 114428 67698 2724 56568 24530 5448 43355 118796 352433 E 13144
24 103367 65913 3600 45512 22920 7200 43222 118661 355201 E 7428
25 101341 66309 4300 44578 27050 8600 46670 117234 358193 E 9016
26 89399 54744 3205 51006 20107 6410 36547 74620 359112 E 8872
27 93129 55179 1995 42178 15078 3990 30574 73630 355216 E 4619
28 81733 53032 3770 36765 15350 7540 30371 78477 353793 E 4588
29 88038 54508 3145 43144 16204 6290 32059 79821 352508 E 4575
30 107803 56478 3104 50818 42792 6208 35188 115758 353721 E 8328
31 108940 54491 2756 45609 15480 5512 35102 101301 358173 E 7872
32 83493 53907 4140 37677 17486 8280 36044 108618 357532 E 5688
33 86805 54351 3178 36828 15348 6356 35140 100371 354090 E 4581
34 90812 54013 2784 46848 16952 5568 35253 102216 351330 E 4759
35 92359 54496 2611 45241 16673 5222 37774 113886 355010 E 4598
36 83958 54017 2384 34258 15120 4768 36524 109823 353407 E 4611
37 86634 54691 2716 39400 15156 5432 40173 119282 355184 E 5102
38 89032 54235 3202 40955 16294 6404 40189 117280 354522 E 6639
39 87082 55460 3143 38465 15809 6286 38729 135941 359976 E 6214
40 86740 54456 2625 41984 16214 5250 37351 109421 354865 E 4639
41 83879 55796 2155 48837 20624 4310 39539 114773 354660 E 4995
42 90120 54041 2538 45407 21445 5076 46051 150126 353333 E 8323
43 104361 71540 4249 56695 23482 8498 61937 171249 356608 E 7964
44 113236 69356 2576 51161 20993 5152 57770 167319 350951 E 10497
45 115403 69516 2280 52753 20440 4560 60984 172814 355759 E 10583
46 114117 69262 2807 50332 20928 5614 62157 172592 358266 E 7801
47 116805 68672 2585 43131 19196 5170 63433 183177 349380 E 8259
48 84964 53348 5370 36171 16331 10740 43070 121228 358630 E 14323
49 88296 53685 3585 45205 18055 7170 43303 125802 358119 E 5159
50 141092 74859 3494 62650 26104 6988 73595 179550 354404 E 8971
51 111642 64729 2825 62108 22620 5650 69613 193256 355275 E 9438
52 110504 69317 2892 47388 22012 5784 72352 172612 364224 E 12705
53 113363 68679 2248 51867 22776 4496 67476 177448 359698 E 8482
54 122504 68041 2240 52467 20682 4480 67148 181727 354469 E 7939
55 103986 66508 3640 47692 21342 7280 69841 184223 362855 E 10982
56 106956 66489 3228 49099 21203 6456 71982 192542 357362 E 7959
57 109348 67912 3643 47091 19891 7286 87159 189127 359133 E 7915
58 109744 64872 5279 50062 20136 10558 68357 176652 363826 E 7773
59 111641 67307 3488 48736 19932 6976 69639 174477 354278 E 10569
60 105608 75403 3725 46339 21876 7450 69865 182659 354367 E 7957
61 111726 68558 3594 50820 19005 7188 72958 191104 356733 E 7797
62 115682 67680 2629 48590 18771 5258 74681 201392 357430 E 10698
63 115955 68857 2661 59226 26823 5322 82321 222947 352062 E 9677
64 130976 70870 3293 61307 21676 6586 87546 212651 355609 S 53899
63 119265 68574 4243 59121 20654 8486 75167 196036 358101 S 52274
62 124997 79003 2681 53357 20877 5362 75988 208786 353994 S 51402
61 113918 67893 3898 56199 20576 7796 70686 188642 359552 S 49692
60 117076 68687 2540 55193 21693 5080 72950 196387 358731 S 48800
59 111521 57162 3364 51161 21605 6728 56303 140317 354311 S 34613
58 99847 53897 2433 49228 15989 4866 65157 147384 354215 S 33904
57 96253 54467 3215 41186 15453 6430 52061 162955 357075 S 43774
56 153471 88707 3853 57202 22954 7706 72943 200035 356895 S 58700
55 150921 76674 3105 71136 34043 6210 74372 198607 356720 S 40372
54 114071 72657 4347 49417 22195 8694 59618 201487 360524 S 39582
53 123206 74774 3780 53545 21933 7560 69204 196508 359345 S 37286
52 115372 74038 2626 48884 21044 5252 58574 168000 358507 S 35617
51 112917 72558 3331 50295 20764 6662 60990 193929 353781 S 33651
50 118096 75219 3943 54233 22258 7886 69328 194594 354493 S 33102
49 126309 83474 3035 80387 25544 6070 58587 217634 360923 S 43940
48 141535 87512 3448 73524 29832 6896 86445 252578 360105 S 43129
47 145580 88216 2481 71963 28525 4962 81558 224968 355372 S 39264
46 154591 89991 3407 66352 26775 6814 80999 232273 355118 S 38019
45 143317 89924 2948 61320 26933 5896 77218 213470 352889 S 36429
44 137122 88407 3394 62661 28538 6788 113556 231750 354868 S 26710
43 104052 63394 2728 43207 17321 5456 54776 178261 351801 S 26885
42 103875 61113 3135 47673 16278 6270 55529 173361 357035 S 19823
41 118824 73816 3099 46791 15527 6198 43692 125440 357597 S 16955
40 123434 57590 2806 50485 16612 5612 52416 126315 358816 S 16145
39 121286 57998 2474 52410 15479 4948 42442 118690 355443 S 15641
38 89932 60525 5777 52120 21917 11554 63534 162055 366985 S 14912
37 97587 54569 4172 43577 15424 8344 41637 135397 362077 S 16859
36 85115 54032 4679 35333 16500 9358 45571 119252 365679 S 12654
35 118121 57813 3797 2308822 13786 7594 45486 121896 358430 S 12835
34 91718 53094 4659 19887 13170 9318 38320 111584 368072 S 11561
33 98954 54422 3195 25076 14158 6390 39361 116432 357541 S 10989
32 83614 54228 4208 20028 14167 8416 37584 109303 359845 S 10278
31 94550 55963 2827 24087 12779 5654 37279 118953 357275 S 10163
30 83591 54823 2701 21933 13678 5402 53448 138828 357298 S 13270
29 87217 54277 4238 21236 12628 8476 36376 121208 365207 S 8717
28 81978 52595 2616 22929 13718 5232 35962 109958 358643 S 8111
27 79809 52847 2917 21518 13562 5834 34617 104490 363912 S 7570
26 94754 54237 2673 21752 14082 5346 33376 100616 368114 S 22697
25 75625 54077 2622 21214 13400 5244 32977 106379 361647 S 6692
24 75212 52980 3250 20913 12514 6500 33478 111127 363929 S 6090
23 71525 53593 4199 19664 13716 8398 30909 95562 368936 S 5637
22 74437 53523 3032 21354 13914 6064 56326 103743 360999 S 5904
21 90327 55511 3497 22790 13961 6994 31525 100260 363063 S 5177
20 77485 54435 3936 22274 13532 7872 30867 99229 366824 S 4557
19 71604 54102 3693 20561 14294 7386 29231 102921 374176 S 4359
18 78080 62678 3029 22982 13326 6058 30191 109623 373545 S 4270
17 78365 53503 2201 22210 12494 4402 28397 87900 369618 S 3570
16 69106 52017 3408 20155 13459 6816 28351 110502 371304 S 3466
15 76273 55239 2601 23132 14187 5202 41522 82888 371939 S 3083
14 69250 52532 2796 19463 12166 5592 26456 81259 376309 S 3143
13 79182 54242 3051 22094 12740 6102 24621 73420 376244 S 2961
12 73718 67466 4009 22709 12503 8018 23746 70343 373095 S 2319
11 69258 55221 3248 34997 12822 6496 24071 70928 379777 S 1926
10 73933 53744 3450 23090 13192 6900 22972 67363 383769 S 1650
9 75357 54186 2948 20908 12456 5896 23283 65512 378732 S 1492
8 72784 53345 2589 23119 13162 5178 30071 63019 380214 S 1879
7 72461 52987 3905 20000 12944 7810 20153 59698 389188 S 1413
6 74927 54135 3679 24580 12517 7358 19066 51280 389565 S 1118
5 88233 55387 3399 22551 12958 6798 18674 46277 388177 S 1000
4 103957 69177 5422 24646 13565 10844 17489 37394 396837 S 1371
3 79294 55488 2413 25239 13702 4826 16519 27951 391833 S 1005
2 89686 70047 2282 24141 13387 4564 14959 24519 408227 S 705
1 72714 55326 3212 22451 13791 6424 27886 13836 416999 E 6503
2 70927 53799 2634 22935 13420 5268 14426 19108 421640 E 4186
3 70525 54007 3755 22547 13419 7510 15915 25517 424638 E 4241
4 76397 54194 3645 24153 12568 7290 18043 28132 423440 E 4046
5 70462 54144 3115 22338 13244 6230 18249 29291 421895 E 4091
6 88711 55244 5025 23115 13404 10050 18824 36720 424187 E 4349
7 68924 67541 3953 19741 12445 7906 19477 37300 425066 E 4148
8 68447 53054 4296 19707 12489 8592 20765 41938 422582 E 4156
9 89212 54644 3266 23213 13511 6532 21151 41787 422197 E 4246
10 90774 53205 2960 20822 13427 5920 21222 46503 427563 E 4182
11 70643 53648 2993 22287 13387 5986 23210 74292 418536 E 4495
12 71840 54833 3897 22660 13199 7794 23198 54543 429881 E 18728
13 69153 52731 3156 23080 13050 6312 22588 50916 427253 E 4228
14 63796 52342 4110 18766 12786 8220 24611 84958 425066 E 4537
15 96457 75957 3598 35934 18916 7196 34579 83973 425734 E 8371
16 110542 74193 3172 36811 18443 6344 37295 82273 420909 E 9125
17 99489 70182 4665 39492 20157 9330 42266 81186 429791 E 8820
18 95346 63767 4331 38366 18226 8662 39559 91290 426949 E 8340
19 119029 72240 3950 44016 19591 7900 40621 92069 426248 E 8196
20 106128 69600 3182 40195 18810 6364 46052 88723 420952 E 7829
21 105054 69272 4234 40868 17821 8468 41118 95632 422860 E 7459
22 110127 68920 3148 45165 18668 6296 41698 101153 420392 E 7496
23 108268 66700 4700 43624 18401 9400 41452 99077 427218 E 7310
24 97918 66558 3527 38887 18415 7054 41908 98918 418855 E 7415
25 124510 70488 2889 46479 17919 5778 44301 120228 422188 E 8385
26 110410 73661 5422 41495 20201 10844 46540 114469 427609 E 8070
27 100355 71136 7317 44379 21802 14634 48140 122147 432337 E 8129
28 109470 72589 2986 43213 19446 5972 49086 120508 427243 E 8205
29 128357 76053 3649 48691 19250 7298 50956 125803 421115 E 8065
30 123162 75839 3114 48374 20569 6228 51803 120551 421193 E 8137
31 112512 74762 3172 44466 20256 6344 53451 126129 421453 E 10130
32 138579 83674 2884 54438 21688 5768 57984 133368 421409 E 9897
33 128502 84889 3686 51591 21333 7372 58929 158797 423331 E 11056
34 134517 82266 2024 50486 21043 4048 59670 142228 422950 E 9625
35 135378 81468 3795 52192 25499 7590 60208 142846 427973 E 10574
36 142620 84077 3878 56261 20102 7756 58305 146731 426423 E 10034
37 123362 75050 4206 49663 20185 8412 61629 154327 427048 E 8883
38 114732 73684 3476 45944 18936 6952 62136 145608 421193 E 8720
39 115967 76013 4508 47704 19282 9016 60136 153211 424447 E 8385
40 121906 74757 2989 55480 19730 5978 60856 162144 426513 E 8415
41 123145 74544 5379 49281 20034 10758 78225 163529 431386 E 10532
42 140633 84158 4641 65584 22980 9282 61801 156598 425446 E 8294
43 119779 72054 3766 51859 18824 7532 62911 150908 424154 E 8645
44 113903 68185 5147 39260 17032 10294 60238 147750 432106 E 7766
45 112245 67407 3081 45858 17807 6162 62197 153853 424536 E 8191
46 112655 67862 4930 46749 18124 9860 60557 151300 426567 E 7759
47 105999 67272 8706 40204 16943 17412 64301 173746 441548 E 8258
48 109052 66508 7114 44779 18065 14228 67496 178673 442727 E 7916
49 113566 64974 9171 38507 16652 18342 83748 184445 448730 E 10218
50 109326 76358 8936 48200 18002 17872 67391 172373 443565 E 8798
51 125290 68960 4950 42684 17173 9900 67081 169929 431136 E 7904
52 113552 66899 5443 42295 17638 10886 67998 180706 431458 E 7745
53 123547 73761 4722 50688 22594 9444 67127 178098 426874 E 9083
54 127078 77769 3426 53436 23128 6852 75319 179963 424257 E 9158
55 115938 68385 2823 41986 16202 5646 65161 167608 421746 E 13743
56 112593 68150 3799 45533 18466 7598 69703 167387 425223 E 9093
57 867721 88976 2591 57031 22163 5182 81034 195379 425485 E 10150
58 141034 80864 2964 59699 21381 5928 77038 189160 428586 E 9301
59 110967 66936 3948 42115 17590 7896 76248 182387 432543 E 8334
60 124833 69635 3069 45773 18155 6138 76875 193164 428437 E 8549
61 121589 73471 3158 50830 20703 6316 78825 178652 426067 E 12044
62 109311 67160 4576 40921 17259 9152 75861 203033 434571 E 7537
63 114429 55744 4109 42078 13909 8218 60057 135341 428356 E 5086
64 102140 55814 1661 43013 13530 3322 56685 139977 424131 S 39630
63 94941 54308 3888 36937 13535 7776 53247 129710 427863 S 37866
62 97282 54142 3767 35379 13358 7534 52788 173940 426037 S 37517
61 112184 56772 3351 38106 16520 6702 52505 124698 430269 S 35516
60 98205 55270 2875 38927 14710 5750 52719 134027 426214 S 34808
59 99046 55449 2330 39099 13952 4660 52939 130465 423130 S 33960
58 88149 57652 3539 39327 13989 7078 48441 123959 432886 S 32808
57 84878 54903 3218 35047 14339 6436 44994 128546 426277 S 64242
56 118364 74131 4579 48005 20019 9158 74496 194537 430888 S 45660
55 125427 76815 2730 53088 20482 5460 78241 192598 422992 S 41356
54 109780 76999 5698 43882 19344 11396 72300 178617 432801 S 41023
53 118641 74888 3970 47914 20231 7940 72138 181474 431977 S 40349
52 115695 77875 4793 49256 21506 9586 72879 181726 431195 S 39967
51 121324 75899 4132 47774 21643 8264 72341 170560 424109 S 38285
50 124505 70217 4505 51229 20841 9010 71216 182224 426480 S 36114
49 119128 68718 3897 47366 17468 7794 68036 172852 431481 S 32901
48 116371 69145 5182 44005 17781 10364 60533 153528 432998 S 32021
47 114652 68764 3551 44810 17797 7102 66374 167357 427931 S 30585
46 104686 67703 5122 40947 16813 10244 60178 149393 433521 S 29287
45 112202 68420 3831 44655 17915 7662 60848 137109 425414 S 20986
44 101414 54985 3202 38479 12843 6404 46080 113680 426592 S 19859
43 100002 63945 2961 49073 14991 5922 51774 111824 425150 S 18798
42 101998 61821 4889 38260 13646 9778 43461 117443 431175 S 17527
41 94484 65791 4630 36634 14332 9260 42238 115412 427472 S 17068
40 97025 55683 3266 40438 14083 6532 42914 113091 431241 S 16085
39 93722 54764 2405 36719 12531 4810 42009 113829 424186 S 15267
38 95048 55957 3546 35786 12849 7092 40282 111374 427245 S 14514
37 92045 55170 5355 41114 14491 10710 40024 124235 436302 S 14190
36 93983 55162 4672 36291 14163 9344 39504 109717 430043 S 12797
35 97626 55925 2814 35461 13054 5628 38719 106908 426976 S 12098
34 86080 54663 3333 50300 21415 6666 53719 135569 432501 S 17588
33 125924 76906 4214 51692 21584 8428 56447 145892 431608 S 16464
32 120472 77858 3802 46990 19677 7604 55059 140299 431698 S 17914
31 153001 77926 3312 48499 20351 6624 54908 147086 429703 S 14597
30 123992 66418 3869 43436 17917 7738 50251 132573 434570 S 14444
29 126190 75782 1747 49100 20356 3494 53309 139760 426740 S 13091
28 109778 68801 3830 42854 19405 7660 50291 132696 432243 S 11928
27 111501 68667 4695 44354 18057 9390 48149 132489 432279 S 11254
26 121436 68471 2950 45811 16909 5900 46222 126726 439418 S 10502
25 109634 66551 3418 41876 17044 6836 44078 110860 433588 S 9845
24 127546 71433 2795 49443 17651 5590 45122 124146 429072 S 9056
23 110596 75932 5230 45360 23812 10460 50249 134462 440191 S 11937
22 130937 72051 4058 45963 17074 8116 42915 118779 435512 S 8540
21 118358 69960 3105 50558 18736 6210 44777 119061 430311 S 10022
20 127362 79670 1926 47193 18303 3852 43078 119229 427366 S 7287
19 112979 72326 3099 39381 18958 6198 39647 104546 433353 S 7063
18 132983 69271 3192 49819 18960 6384 38457 102347 432535 S 5892
17 117910 69506 3626 47074 17340 7252 39545 101866 441489 S 5281
16 115000 69126 2525 49057 18644 5050 38306 102346 433568 S 4740
15 123393 66238 3103 45503 13726 6206 26628 73014 439202 S 3585
14 93634 55154 3997 40759 14525 7994 25232 70278 438593 S 3108
13 93577 85674 3151 48100 18647 6302 38985 102365 442047 S 4416
12 106726 72077 3061 43277 18683 6122 35509 93194 443048 S 3938
11 124115 75643 3183 50547 20821 6366 35403 92369 438714 S 3761
10 110516 75296 3741 45923 20884 7482 32518 81199 443333 S 3550
9 111604 74202 3426 45096 20583 6852 31310 78558 441021 S 3141
8 134524 72064 3019 55503 24365 6038 31021 70628 442272 S 2717
7 111862 70785 5513 47338 21576 11026 30026 68844 452981 S 2465
6 125015 69789 2517 47279 17759 5034 27478 62579 445762 S 1944
5 114428 69504 3150 46946 17999 6300 26016 53781 446769 S 1821
4 101556 67015 4135 38163 17568 8270 24081 44751 454084 S 1553
3 107355 68070 1875 44404 18109 3750 23215 37208 446935 S 1341
2 140181 69156 2468 49103 18946 4936 21284 29259 461496 S 1299
1 119692 71320 2616 48369 18350 5232 18813 19899 488737 E 11077
2 122837 71456 2354 50794 19181 4708 21260 27031 481372 E 7111
3 109600 68557 3617 51459 19594 7234 23027 31628 486902 E 7081
4 116041 68226 3680 44124 18080 7360 24555 36866 489563 E 10977
5 129457 70077 2447 57102 18378 4894 25942 45218 485262 E 9916
6 118892 76072 3732 50625 18267 7464 26611 47080 491081 E 7625
7 115897 69684 3755 44174 16721 7510 27804 55213 486958 E 7170
8 100991 65811 3584 43664 18749 7168 28959 57393 491665 E 7188
9 103913 67058 2825 38125 17078 5650 29711 62842 476975 E 7164
10 120148 71509 2396 46374 19147 4792 30839 64464 486442 E 7251
11 118457 71597 3047 54670 28408 6094 34296 69175 494413 E 9274
12 115823 77197 2712 48557 23506 5424 34754 72475 488736 E 15280
13 122134 76463 2533 48574 19669 5066 35218 79711 493150 E 8452
14 115921 75756 3460 44578 21006 6920 34730 78491 490744 E 8482
15 121323 74119 2905 44982 18499 5810 35663 91523 482698 E 12358
16 118767 77110 2343 51408 20012 4686 35647 82237 495353 E 8241
17 128112 81742 2775 56505 19242 5550 40316 91984 492029 E 8940
18 121080 72537 3382 51262 21521 6764 41336 93467 491921 E 8879
19 101569 66128 2351 41329 19522 4702 39656 68103 489896 E 6594
20 102847 56251 3180 41470 13746 6360 29221 75665 495641 E 5308
21 123374 73996 1940 90688 23347 3880 42812 106350 484588 E 8766
22 119390 75397 3357 53250 20740 6714 43415 109368 485046 E 11427
23 121360 76190 2067 50622 20881 4134 44554 118256 494245 E 8568
24 136708 82691 2486 49432 20318 4972 45943 116955 487445 E 9480
25 131821 78656 2113 49552 19797 4226 48828 119480 493013 E 9030
26 131596 83036 2508 56206 21367 5016 47068 118903 486895 E 9384
27 124399 78155 4179 53539 20551 8358 49387 127479 487203 E 13060
28 122381 59597 2865 38296 14170 5730 34596 87646 486945 E 5473
29 103953 55755 2950 47238 14490 5900 34923 93659 490021 E 5955
30 106895 81595 3364 42004 13605 6728 37136 98975 487141 E 5640
31 93041 55501 3580 37179 13884 7160 36401 96166 491843 E 7279
32 104920 64931 3804 41827 13761 7608 37786 100938 487579 E 5637
33 96612 56216 3680 37363 13957 7360 35850 95943 489472 E 4540
34 103819 63427 2874 46281 14385 5748 38503 96006 482306 E 13321
35 94507 55890 2859 39173 14444 5718 38828 107448 493501 E 4751
36 91342 56035 3144 42609 20304 6288 45564 99962 489594 E 5778
37 96304 56173 3633 36209 13347 7266 39672 106067 492276 E 7762
38 100276 59017 4343 35619 14434 8686 38764 137709 493439 E 9490
39 100694 56754 2921 36190 13103 5842 50041 137846 497654 E 6194
40 99201 58228 3792 36714 14324 7584 39947 130982 504249 E 8688
41 106246 75092 3867 43216 21899 7734 55584 129023 497684 E 6597
42 85804 67691 3265 38184 19820 6530 55521 158394 489582 E 12500
43 117412 77502 3284 51565 18759 6568 55088 164681 495572 E 8811
44 120567 80686 2984 43975 14473 5968 44579 135928 487363 E 6164
45 117805 78875 2812 50144 21298 5624 69068 155144 492451 E 6231
46 123805 78352 3533 42997 19121 7066 61796 143274 492142 E 6151
47 89055 54921 5434 34454 13478 10868 45582 154321 498746 E 9361
48 86766 54409 6917 33082 14459 13834 45088 127667 502135 E 7577
49 97029 55435 3656 40158 17597 7312 93614 174284 494970 E 10102
50 136654 77484 2828 49410 20000 5656 68682 180347 501086 E 10022
51 119339 78543 3713 46360 17909 7426 67250 201099 494256 E 13315
52 118109 73436 3633 47639 18589 7266 72607 163480 496143 E 6599
53 103160 56693 4540 39419 13041 9080 48418 142571 496156 E 4894
54 94534 69103 4072 44895 14799 8144 59499 164287 496216 E 13359
55 113371 72956 3815 45433 19072 7630 74398 199590 501071 E 8661
56 128063 71069 3281 48055 16989 6562 72160 202987 493751 E 7925
57 126023 72137 3552 50251 18918 7104 71593 197459 494635 E 8087
58 130363 71309 3015 50880 17593 6030 72282 206055 490142 E 10925
59 115940 69340 4286 46158 17890 8572 73326 194118 495510 E 8047
60 108609 71133 3857 44681 19822 7714 77780 224153 491985 E 7936
61 119617 70879 3415 51055 19761 6830 77544 219330 498802 E 8068
62 127075 71171 3578 46550 18403 7156 78012 214981 499395 E 10680
63 107295 67726 2627 42294 18350 5254 77094 199602 498689 E 8066
64 115545 80722 3199 39248 13708 6398 56576 161484 499857 S 41979
63 103421 55250 3801 38227 13577 7602 68539 186563 489463 S 40450
62 107498 56648 2928 40418 14073 5856 53818 158728 492925 S 38413
61 103426 55719 4599 39560 14033 9198 56160 156547 494446 S 37510
60 97317 56466 2121 39234 14047 4242 55344 155142 483470 S 35438
59 98469 55800 2825 40516 14588 5650 54040 151011 492539 S 34683
58 103496 56489 2964 38020 13647 5928 54688 156835 494092 S 33705
57 85950 55071 5093 35015 14502 10186 54276 164761 493805 S 32465
56 85163 56946 3852 33644 14124 7704 50892 168028 490372 S 31419
55 89548 56024 4221 34071 13722 8442 50241 156424 495855 S 29506
54 87586 55574 4430 32390 14506 8860 49762 151147 493569 S 27986
53 92824 55506 3063 37683 12900 6126 49380 149654 493459 S 27476
52 84873 55040 2671 33648 14513 5342 49273 159434 487943 S 26481
51 92429 56004 2965 38902 13477 5930 47698 149467 488248 S 25285
50 90830 56128 3393 37438 14271 6786 46374 143784 494977 S 24088
49 87407 55781 3662 37213 14256 7324 47276 139338 492101 S 23093
48 90544 55574 1911 38573 14175 3822 46638 143289 485247 S 22105
47 75840 54899 3621 29680 14494 7242 45370 130438 488842 S 21103
46 82723 60085 7537 36101 16047 15074 48154 146471 501634 S 20419
45 89237 66699 6869 31970 15794 13738 46372 136739 504406 S 19392
44 92575 51105 10726 28715 15087 21452 44844 147517 517973 S 18426
43 71314 52099 13133 29086 15790 26266 51418 157138 524593 S 17133
42 85116 54377 9343 30231 15239 18686 44666 136996 512487 S 16596
41 102450 54369 2079 37784 13359 4158 44954 131787 488591 S 15841
40 82531 54235 3703 32884 12588 7406 42541 151322 495594 S 15369
39 74066 54925 3772 35908 13152 7544 39707 136578 489529 S 14205
38 86721 55148 3444 37095 13925 6888 55343 155361 491895 S 14930
37 89476 56632 2823 38627 14230 5646 56224 123412 491164 S 13254
36 159835 61515 3245 30961 13640 6490 42383 122424 488249 S 13454
35 80561 56200 4094 39654 13680 8188 43406 127941 493575 S 11917
34 86766 53402 6090 28930 14154 12180 38633 113642 507038 S 11135
33 75839 54253 4996 29686 13503 9992 38683 116223 496464 S 10613
32 76930 53713 3846 34629 13339 7692 39274 136942 500622 S 10150
31 85607 56390 3908 48350 13026 7816 36090 107712 500186 S 9808
30 75065 54476 5382 30232 13936 10764 36433 110330 505335 S 9019
29 76458 53987 5666 29216 13091 11332 35216 105640 502570 S 8517
28 69930 54020 4257 26270 13964 8514 33189 102400 505347 S 7859
27 74244 54465 3829 28134 13540 7658 51224 108110 498781 S 7466
26 73769 55112 3111 45448 14070 6222 34176 127190 493983 S 7276
25 78714 75133 3586 35414 14588 7172 41853 139856 508073 S 10672
24 117809 78320 5530 45215 20079 11060 46126 143225 508094 S 9563
23 109997 77760 3750 42372 21024 7500 44908 131758 495392 S 9218
22 101285 75454 2237 40287 20754 4474 42614 115850 490872 S 8992
21 110200 80690 3855 45822 19442 7710 30401 105136 506468 S 8600
20 124593 77955 3503 44075 18372 7006 39890 116295 506911 S 7908
19 131664 74261 2251 57646 20455 4502 44391 115562 499980 S 6837
18 113140 70649 5313 45161 19577 10626 41894 112888 507195 S 5917
17 112998 70483 2830 47373 17291 5660 44981 110907 497927 S 5246
16 120992 98438 3062 52545 18303 6124 38785 111993 511450 S 4969
15 123670 72131 2781 47533 17565 5562 37452 101416 505427 S 4426
14 112579 71162 2574 50111 19748 5148 35947 97091 500042 S 4105
13 117377 72788 3449 46170 20147 6898 35066 92749 513417 S 3598
12 106934 70749 3808 44025 19571 7616 33496 93570 505344 S 3561
11 107338 69964 3608 45923 18479 7216 32856 81763 511565 S 3047
10 110033 68979 3917 40220 17367 7834 32083 77197 511202 S 2818
9 104925 69600 2616 39964 18005 5232 30814 73555 512690 S 2674
8 107312 70821 3836 43238 18371 7672 29787 70461 512710 S 2326
7 105791 70301 3476 44677 15572 6952 20681 48015 517950 S 1386
6 86937 55491 3382 36099 14747 6764 20153 43995 511928 S 1272
5 85191 62674 2482 29739 14909 4964 18825 38396 516734 S 1063
4 90267 56779 3920 37529 14210 7840 16796 34167 518243 S 906
3 88235 56234 3139 38065 14804 6278 17024 29601 518126 S 811
2 84198 55758 3351 34827 14971 6702 15858 22942 539881 S 844
1 84763 55601 2852 35960 14562 5704 12876 15309 558238 E 7545
2 74478 54462 4619 30212 14558 9238 14849 22126 563855 E 5904
3 80420 56977 4418 33965 15123 8836 16747 25573 562519 E 4281
4 71010 54032 4563 28224 15069 9126 18479 29263 556158 E 5746
5 82108 56447 5615 32253 14197 11230 19873 38061 566755 E 4113
6 82797 55678 4267 31790 13976 8534 19489 40231 561345 E 4240
7 78226 55667 3881 30759 13831 7762 20098 45347 557704 E 5760
8 83692 56752 3448 35322 13356 6896 21717 45866 557921 E 5796
9 78271 56278 3973 32250 14159 7946 21910 47656 561579 E 4219
10 81306 56564 4814 36127 14256 9628 22017 50322 565696 E 4283
11 82598 55681 2694 30313 14291 5388 23905 50516 555156 E 6106
12 83414 56458 2555 34605 14115 5110 31409 53357 557781 E 4802
13 89341 56761 3782 36010 14022 7564 25705 57879 559498 E 5564
14 74305 55141 3333 31149 16183 6666 25490 55250 565525 E 5934
15 79295 55962 5885 32005 14713 11770 24942 61931 564874 E 4547
16 77713 55975 4891 31888 14898 9782 26828 63955 559905 E 4451
