2 2
524288 2806.85 1048576 4097.49 1572864 5011.06 2097152 5787.06 2621440 6508.19 3145728 7178.62 3670016 7848.54 4194304 8454.98 4718592 8807.68 5242880 9158.99 5767168 9519.35 6291456 9892.36 6815744 10237.2 7340032 10562.3 7864320 10882.3 8388608 11204.2 8912896 13053.8 9437184 13521.4 9961472 13957.2 10485760 14380.2 11010048 14800.7 11534336 15210.9 12058624 15624.6 12582912 16039.7 13107200 16287.9 13631488 16534.4 14155776 16783.2 14680064 17025.6 15204352 17300.4 15728640 17535.3 16252928 17768.4 
2 4
524288 2806.85 1048576 4097.49 1572864 5011.06 2097152 5787.06 2621440 6508.19 3145728 7178.62 3670016 7848.54 4194304 8454.98 4718592 8807.68 5242880 9158.99 5767168 9519.35 6291456 9892.36 6815744 10237.2 7340032 10562.3 7864320 10882.3 8388608 11204.2 8912896 11430.6 9437184 11670.6 9961472 11895.2 10485760 12111.7 11010048 12330.8 11534336 12544.7 12058624 12764.5 12582912 12986 13107200 13079.8 13631488 13176.6 14155776 13279.2 14680064 13379.9 15204352 13507.2 15728640 13607.7 16252928 13707.6 
2 8
524288 2806.85 1048576 4097.49 1572864 5011.06 2097152 5787.06 2621440 6508.19 3145728 7178.62 3670016 7848.54 4194304 8454.98 4718592 8807.68 5242880 9158.99 5767168 9519.35 6291456 9892.36 6815744 10237.2 7340032 10562.3 7864320 10882.3 8388608 11204.2 8912896 11430.6 9437184 11670.6 9961472 11895.2 10485760 12111.7 11010048 12330.8 11534336 12544.7 12058624 12764.5 12582912 12986 13107200 13079.8 13631488 13176.6 14155776 13279.2 14680064 13379.9 15204352 13507.2 15728640 13607.7 16252928 13707.6 
2 16
524288 2806.85 1048576 4097.49 1572864 5011.06 2097152 5787.06 2621440 6508.19 3145728 7178.62 3670016 7848.54 4194304 8454.98 4718592 8807.68 5242880 9158.99 5767168 9519.35 6291456 9892.36 6815744 10237.2 7340032 10562.3 7864320 10882.3 8388608 11204.2 8912896 11430.6 9437184 11670.6 9961472 11895.2 10485760 12111.7 11010048 12330.8 11534336 12544.7 12058624 12764.5 12582912 12986 13107200 13079.8 13631488 13176.6 14155776 13279.2 14680064 13379.9 15204352 13507.2 15728640 13607.7 16252928 13707.6 
4 2
524288 2806.85 1048576 4097.49 1572864 5011.06 2097152 5787.06 2621440 6220.51 3145728 6650.14 3670016 7099.63 4194304 7514.61 4718592 9025.63 5242880 9576.25 5767168 10122.4 6291456 10677.2 6815744 11001.6 7340032 11299.1 7864320 11598.9 8388608 11904.1 8912896 13053.8 9437184 13521.4 9961472 13957.2 10485760 14380.2 11010048 14642.5 11534336 14900.7 12058624 15168 12582912 15438.2 13107200 16430.8 13631488 16813.4 14155776 17195.2 14680064 17567.8 15204352 17830.9 15728640 18055.3 16252928 18277.3 
4 4
524288 2806.85 1048576 4097.49 1572864 5011.06 2097152 5787.06 2621440 6220.51 3145728 6650.14 3670016 7099.63 4194304 7514.61 4718592 7791.69 5242880 8065.8 5767168 8351.54 6291456 8649.42 6815744 8782.73 7340032 8901.07 7864320 9029.01 8388608 9165.29 8912896 10224.4 9437184 10514.8 9961472 10786.6 10485760 11052.1 11010048 12340.2 11534336 12637 12058624 12937.9 12582912 13237 13107200 16430.8 13631488 16813.4 14155776 17195.2 14680064 17567.8 15204352 17837 15728640 18067.2 16252928 18293.3 
4 8
524288 2806.85 1048576 4097.49 1572864 5011.06 2097152 5787.06 2621440 6220.51 3145728 6650.14 3670016 7099.63 4194304 7514.61 4718592 7791.69 5242880 8065.8 5767168 8351.54 6291456 8649.42 6815744 8782.73 7340032 8901.07 7864320 9029.01 8388608 9165.29 8912896 9248.26 9437184 9347.37 9961472 9438.99 10485760 9529.36 11010048 9617.24 11534336 9703.16 12058624 9799 12582912 9898.98 13107200 9981.64 13631488 10067.3 14155776 10157.2 14680064 10245 15204352 10366 15728640 10463.9 16252928 10558 
4 16
524288 2806.85 1048576 4097.49 1572864 5011.06 2097152 5787.06 2621440 6220.51 3145728 6650.14 3670016 7099.63 4194304 7514.61 4718592 7791.69 5242880 8065.8 5767168 8351.54 6291456 8649.42 6815744 8782.73 7340032 8901.07 7864320 9029.01 8388608 9165.29 8912896 9248.26 9437184 9347.37 9961472 9438.99 10485760 9529.36 11010048 9617.24 11534336 9703.16 12058624 9799 12582912 9898.98 13107200 9981.64 13631488 10067.3 14155776 10157.2 14680064 10245 15204352 10366 15728640 10463.9 16252928 10558 
8 2
524288 2806.85 1048576 4097.49 1572864 4639.67 2097152 5142.48 2621440 6508.19 3145728 7178.62 3670016 7598.21 4194304 7984.27 4718592 9025.63 5242880 9576.25 5767168 9918.24 6291456 10281.3 6815744 11189.4 7340032 11668.9 7864320 11958.5 8388608 12254.9 8912896 13053.8 9437184 13521.4 9961472 13794.4 10485760 14061.6 11010048 14800.7 11534336 15210.9 12058624 15475.8 12582912 15752.8 13107200 16430.8 13631488 16813.4 14155776 17052.5 14680064 17287.3 15204352 17971 15728640 18331.7 16252928 18554.1 
8 4
524288 2806.85 1048576 4097.49 1572864 4639.67 2097152 5142.48 2621440 5477.07 3145728 5814.76 3670016 5984.88 4194304 6152.36 4718592 7025.56 5242880 7367.28 5767168 8409.74 6291456 8812.19 6815744 11189.4 7340032 11668.9 7864320 11966.5 8388608 12269.7 8912896 12475.1 9437184 12698.6 9961472 12799.2 10485760 12899 11010048 13458.6 11534336 13648.1 12058624 14322.2 12582912 14610.9 13107200 16430.8 13631488 16813.4 14155776 17062.4 14680064 17308.6 15204352 17507 15728640 17668.1 16252928 17745.4 
8 8
524288 2806.85 1048576 4097.49 1572864 4639.67 2097152 5142.48 2621440 5477.07 3145728 5814.76 3670016 5984.88 4194304 6152.36 4718592 6247.76 5242880 6354.34 5767168 6472.55 6291456 6606.41 6815744 6722.22 7340032 6827.07 7864320 6954.63 8388608 7069.74 8912896 7314.01 9437184 7447.18 9961472 7589.98 10485760 7696.7 11010048 8135.15 11534336 8272.94 12058624 9225.45 12582912 9470.46 13107200 11746.3 13631488 11976.4 14155776 13808.3 14680064 14237 15204352 17971 15728640 18331.7 16252928 18554.7 
8 16
524288 2806.85 1048576 4097.49 1572864 4639.67 2097152 5142.48 2621440 5477.07 3145728 5814.76 3670016 5984.88 4194304 6152.36 4718592 6247.76 5242880 6354.34 5767168 6472.55 6291456 6606.41 6815744 6722.22 7340032 6827.07 7864320 6954.63 8388608 7069.74 8912896 7346.13 9437184 7516.83 9961472 7623.22 10485760 7710.41 11010048 7891.91 11534336 8056.87 12058624 8164.78 12582912 8260.53 13107200 8330.75 13631488 8401.27 14155776 8472.88 14680064 8540.72 15204352 8621.26 15728640 8684.57 16252928 8746.18 
16 2
524288 2806.85 1048576 3649.78 1572864 5011.06 2097152 5465.99 2621440 6508.19 3145728 6912.9 3670016 7848.54 4194304 8222.02 4718592 9025.63 5242880 9362.9 5767168 10122.4 6291456 10473 6815744 11189.4 7340032 11481.8 7864320 12136.7 8388608 12428.3 8912896 13053.8 9437184 13354.8 9961472 13957.2 10485760 14224.2 11010048 14800.7 11534336 15054.8 12058624 15624.6 12582912 15898.5 13107200 16430.8 13631488 16667.3 14155776 17195.2 14680064 17431.4 15204352 17971 15728640 18194 16252928 18685.4 
16 4
524288 2806.85 1048576 3649.78 1572864 4062.77 2097152 4216.38 2621440 5029.89 3145728 5942.39 3670016 7848.54 4194304 8234.27 4718592 8484.03 5242880 8591.96 5767168 9086.33 6291456 9739.34 6815744 11189.4 7340032 11499.4 7864320 11703.5 8388608 11807.7 8912896 12221.9 9437184 12755.6 9961472 13957.2 10485760 14234.1 11010048 14420.3 11534336 14510.2 12058624 14892.2 12582912 15361.9 13107200 16430.8 13631488 16680.4 14155776 16849.2 14680064 16930.7 15204352 17294.2 15728640 17704.2 16252928 18685.4 
16 8
524288 2806.85 1048576 3649.78 1572864 4062.77 2097152 4216.38 2621440 4321.26 3145728 4443.88 3670016 4592.15 4194304 4746.94 4718592 4992.41 5242880 5152.4 5767168 5559.41 6291456 6364.09 6815744 8016.74 7340032 9465.95 7864320 12136.7 8388608 12435.6 8912896 12636.8 9437184 12753.9 9961472 12810 10485760 12846.1 11010048 12896.5 11534336 13026.2 12058624 13248.7 12582912 13603.5 13107200 13908.2 13631488 14172.2 14155776 15132.1 14680064 16287.5 15204352 17971 15728640 18206.3 16252928 18287 
16 16
524288 2806.85 1048576 3649.78 1572864 4062.77 2097152 4216.38 2621440 4321.26 3145728 4443.88 3670016 4592.15 4194304 4746.94 4718592 5026.35 5242880 5148.92 5767168 5381.74 6291456 5517.23 6815744 5617.01 7340032 5699.77 7864320 5779.87 8388608 5860.33 8912896 5946.85 9437184 6043.9 9961472 6147.18 10485760 6248.17 11010048 6411.25 11534336 6601.24 12058624 7138.91 12582912 7533.38 13107200 8545.39 13631488 9773.92 14155776 10739.9 14680064 13378.9 15204352 14051.3 15728640 16213.5 16252928 18685.4 
