64
1 Q 6.54459e+06 1457103581
1 U 7.67705e+06 
2 Q 4.19796e+06 713853209
2 U 6.69637e+06 
3 Q 3.67072e+06 -1970726614
3 U 6.21211e+06 
4 Q 3.27431e+06 -1451746916
4 U 5.81789e+06 
5 Q 3.00861e+06 402262814
5 U 5.74084e+06 
6 Q 2.83248e+06 100584237
6 U 5.53967e+06 
7 Q 2.66688e+06 -769054778
7 U 5.12594e+06 
8 Q 2.34175e+06 1275514327
8 U 4.96829e+06 
9 Q 1.93863e+06 333262553
9 U 4.75144e+06 
10 Q 1.87542e+06 1127838625
10 U 4.5944e+06 
11 Q 1.65623e+06 705138230
11 U 4.38918e+06 
12 Q 1.59033e+06 1734653376
12 U 4.35787e+06 
13 Q 1.51589e+06 -1562181480
13 U 4.2111e+06 
14 Q 1.47876e+06 819108481
14 U 4.0443e+06 
15 Q 1.45782e+06 1372450643
15 U 3.93894e+06 
16 Q 1.41355e+06 -160830991
16 U 3.89004e+06 
17 Q 1.39949e+06 -1232342164
17 U 3.7209e+06 
18 Q 1.38759e+06 1931029822
18 U 3.6948e+06 
19 Q 1.33592e+06 650191431
19 U 3.62495e+06 
20 Q 1.31012e+06 -760393510
20 U 3.59569e+06 
21 Q 1.29018e+06 -1254591418
21 U 3.56574e+06 
22 Q 1.22239e+06 224286289
22 U 3.40834e+06 
23 Q 1.2021e+06 617528795
23 U 3.36865e+06 
24 Q 1.20437e+06 1986602404
24 U 3.32329e+06 
25 Q 1.17873e+06 964362723
25 U 3.26802e+06 
26 Q 1.14553e+06 -936935558
26 U 3.2077e+06 
27 Q 1.04783e+06 753519765
27 U 3.1435e+06 
28 Q 1.01034e+06 -1167467988
28 U 3.13847e+06 
29 Q 973000 -1272473244
29 U 3.04422e+06 
30 Q 965189 784349577
30 U 2.9571e+06 
31 Q 966557 -425375342
31 U 2.89669e+06 
32 Q 952815 1765989191
32 U 2.89755e+06 
33 Q 939631 -1914868652
33 U 2.86119e+06 
34 Q 922573 762336325
34 U 2.80928e+06 
35 Q 904504 -309900727
35 U 2.79966e+06 
36 Q 882354 -1182658608
36 U 2.73261e+06 
37 Q 876331 581248207
37 U 2.65878e+06 
38 Q 865908 -973665222
38 U 2.60658e+06 
39 Q 847211 -1832340052
39 U 2.57641e+06 
40 Q 842960 1971995472
40 U 2.54331e+06 
41 Q 831701 1412878448
41 U 2.50823e+06 
42 Q 814502 -1684115768
42 U 2.44934e+06 
43 Q 753768 1155690070
43 U 2.39308e+06 
44 Q 748845 321304512
44 U 2.35461e+06 
45 Q 722124 1855511101
45 U 2.30487e+06 
46 Q 711791 2079459270
46 U 2.25268e+06 
47 Q 705235 1191326643
47 U 2.20381e+06 
48 Q 701196 -1208054759
48 U 2.18399e+06 
49 Q 689694 1397236169
49 U 2.19792e+06 
50 Q 682193 1048528797
50 U 2.17593e+06 
